10
11
4 8 9 10 14 1 6 12 17 10 8 
8 14 10 3 8 14 7 5 10 6 17 
2
11
13 12 5 15 2 6 13 17 17 3 8 
15 14 3 12 14 15 10 5 13 4 1 
8
5
4 7 6 4 7 
12 9 6 16 10 
10
14
11 15 3 6 2 16 16 12 13 8 10 1 2 15 
11 13 7 13 16 6 13 8 9 15 3 13 8 5 
6
11
11 1 1 16 14 7 14 14 6 9 5 
7 14 3 5 10 9 17 5 7 13 7 
5
7
2 13 9 11 4 11 8 
8 16 11 3 1 2 6 
10
13
1 16 5 3 1 8 5 6 7 15 2 10 5 
13 7 5 1 8 6 1 14 10 3 9 12 13 
9
14
6 12 14 6 14 13 8 1 7 15 1 14 6 6 
4 2 9 4 10 14 14 12 16 17 13 6 3 5 
3
6
5 1 13 6 17 8 
15 4 8 14 13 7 
4
7
14 5 8 2 13 16 15 
7 17 4 16 15 8 12 
6
