10
9
35 24 46 81 70 92 100 14 80 
63 3 6 57 95 88 58 84 93 
18
10
97 61 9 10 67 52 55 33 85 19 
10 57 35 99 68 54 8 52 39 43 
16
6
3 76 16 29 96 88 
97 85 76 50 24 65 
20
15
21 61 43 32 7 6 35 55 22 91 15 46 94 24 18 
3 61 72 65 28 73 63 82 67 39 97 63 53 7 32 
16
9
63 84 75 83 38 84 12 30 40 
19 49 40 90 81 11 80 56 86 
18
20
52 46 81 41 79 2 39 15 75 2 55 46 59 49 92 29 75 32 38 48 
41 74 84 55 70 99 42 3 77 12 86 10 96 58 32 63 35 3 38 36 
18
6
84 15 62 58 12 95 
58 56 88 48 64 88 
20
19
11 4 99 92 51 52 6 1 79 1 7 25 48 46 64 7 57 86 10 
99 71 24 69 6 72 76 5 88 45 7 22 96 15 34 73 68 83 83 
17
11
88 34 61 27 18 87 5 20 24 9 32 
89 83 87 40 20 57 13 27 44 76 65 
20
7
79 40 11 51 83 27 24 
64 35 3 12 76 15 78 
17
