10
10
610 217 611 747 988 826 832 55 815 815 
275 138 807 593 165 826 706 832 70 833 
22
26
968 29 545 937 260 860 735 261 127 897 80 371 154 258 468 654 357 632 984 916 539 558 452 689 23 390 
870 762 488 482 808 16 211 204 434 766 222 277 924 118 550 156 622 27 939 436 30 553 105 612 391 796 
23
27
553 490 555 97 819 993 316 306 549 52 175 898 486 197 776 964 131 918 534 411 755 844 302 353 779 579 971 
870 247 770 69 230 377 265 866 686 267 20 26 882 370 370 439 555 281 156 58 890 572 2 412 655 738 989 
44
10
549 74 492 862 802 916 921 116 226 900 
498 353 720 870 101 80 47 991 765 551 
49
14
320 377 469 758 589 903 853 396 603 734 432 667 119 523 
370 943 9 256 266 979 255 499 175 35 467 587 798 328 
25
33
843 738 846 174 145 847 212 719 544 210 322 170 143 339 153 169 282 994 748 447 101 16 165 574 115 763 503 858 189 503 228 414 278 
413 725 937 310 842 983 942 130 806 167 847 516 881 669 186 936 405 886 703 605 728 529 602 741 216 645 71 783 585 988 105 305 14 
43
25
916 971 236 276 720 490 543 438 81 226 459 686 483 543 984 368 357 210 271 759 675 759 603 947 322 
826 567 206 719 952 889 450 483 906 496 37 562 245 152 491 90 485 195 678 620 406 774 398 711 900 
36
13
216 462 371 73 468 269 239 867 659 149 569 434 230 
535 693 879 626 415 936 133 919 62 754 342 934 829 
28
30
413 745 400 281 515 349 855 904 314 651 164 200 605 108 215 449 892 893 1 338 997 125 180 847 972 13 8 533 229 626 
166 402 264 948 591 466 747 13 275 382 542 96 288 674 193 734 255 144 218 192 271 938 311 749 815 7 859 23 535 847 
49
19
739 707 681 827 67 292 560 314 131 140 940 129 813 313 134 488 51 645 746 
783 49 314 863 28 904 345 846 61 395 879 355 983 450 203 201 627 14 213 
22
