68
86 64 99
31 16 92
48 48 43
48 73 51
23 0 11
4 80 77
0 38 50
51 87 73
6 52 94
15 81 6
73 63 14
95 21 0
96 24 63
60 34 61
49 22 49
42 46 20
71 40 52
15 34 26
86 48 69
8 15 0
88 25 5
45 48 25
2 20 83
14 23 18
15 6 26
65 61 76
61 64 88
84 49 71
13 28 8
2 9 49
100 36 37
90 36 79
69 41 17
82 91 39
36 30 79
29 5 33
19 40 65
11 94 64
10 9 63
59 6 32
49 41 76
53 15 19
42 96 59
92 70 18
84 61 16
2 57 67
92 92 88
88 97 42
14 67 11
61 12 31
59 33 6
13 66 15
68 41 5
26 34 5
54 18 22
20 72 30
77 51 2
26 18 11
17 72 46
73 78 58
24 83 76
84 29 61
28 33 49
28 0 26
57 58 40
45 65 44
28 30 61
10 37 31