4792
18 67 71
2 80 41
39 49 39
64 30 86
76 21 75
96 92 20
68 23 17
29 53 2
56 14 0
48 41 100
15 3 69
53 79 58
91 43 4
56 78 2
58 60 38
44 25 9
43 78 89
76 48 77
85 77 51
15 4 33
19 80 0
64 28 22
75 97 29
98 97 55
41 53 78
53 60 99
21 6 42
80 48 74
23 0 3
25 82 69
43 7 58
61 63 76
12 14 8
60 28 74
76 87 59
98 44 92
48 82 56
33 57 38
40 5 79
73 76 26
56 5 62
42 31 44
40 69 99
2 62 100
43 48 83
27 64 78
39 18 100
10 80 83
2 5 36
59 54 57
52 63 86
97 10 76
44 59 17
75 29 10
15 88 96
73 26 12
85 2 29
69 66 29
65 94 77
58 28 21
20 89 47
23 74 12
3 39 64
44 17 48
66 2 28
58 51 54
2 99 32
10 14 99
92 55 82
61 77 50
55 61 52
33 60 52
0 22 49
87 38 93
97 38 49
57 47 66
0 18 35
43 52 7
83 36 38
23 80 27
42 83 20
51 61 53
81 72 13
24 38 98
76 11 4
55 80 42
89 81 54
61 71 26
30 45 62
85 8 24
67 28 12
78 57 36
10 64 96
98 30 34
90 17 63
90 91 84
93 37 64
43 67 77
82 75 55
53 1 3
60 39 36
20 0 1
94 28 80
16 19 77
11 18 40
81 27 46
4 80 100
35 34 30
68 74 57
55 45 73
2 46 57
61 56 75
44 15 90
39 10 13
79 87 99
41 42 47
14 67 45
74 10 37
52 11 3
20 11 5
68 83 88
18 22 46
58 96 87
16 93 33
79 53 77
52 57 78
58 84 95
80 46 58
33 11 31
41 7 46
81 35 29
70 97 51
58 38 13
36 67 86
44 97 75
77 34 62
46 92 40
59 88 54
75 40 35
0 7 24
99 26 40
72 8 29
0 64 33
24 62 45
96 23 81
99 24 56
46 23 11
83 65 31
53 47 90
27 27 73
43 8 44
99 9 48
1 79 26
79 39 96
42 29 77
47 20 27
47 65 77
44 65 39
35 56 88
15 43 8
77 29 35
81 31 50
58 48 11
18 63 69
11 35 35
76 66 12
82 21 83
26 47 89
89 23 11
5 64 10
80 84 7
8 96 16
69 81 32
60 53 21
85 60 16
86 47 23
98 84 79
44 95 94
57 14 20
39 33 27
7 97 28
25 45 65
58 14 94
74 93 19
26 64 73
68 30 54
46 65 67
9 71 50
47 43 4
18 10 55
75 83 99
83 4 69
80 39 96
70 19 42
7 55 63
6 52 83
26 5 78
77 77 24
92 88 33
25 98 31
69 39 39
24 84 72
68 17 19
41 18 9
51 31 22
12 69 83
51 41 43
18 68 45
52 88 74
93 84 37
92 41 11
53 50 26
89 65 95
92 7 53
16 95 24
100 54 2
7 26 28
7 81 70
42 84 6
70 32 57
76 68 55
3 29 27
41 76 29
76 49 75
91 19 1
11 58 86
82 29 15
25 13 93
3 60 57
50 81 79
30 0 44
49 90 12
74 36 83
28 44 36
93 9 40
4 35 90
37 98 80
80 6 65
34 54 38
91 46 65
22 54 32
84 21 47
8 83 71
77 1 77
30 94 18
51 80 56
21 54 70
91 37 3
69 71 83
72 100 62
21 28 55
74 98 62
81 21 34
72 75 56
38 100 39
90 18 73
85 72 69
98 66 58
25 49 33
48 44 8
23 58 45
4 98 82
78 48 7
93 94 78
7 35 78
5 56 53
100 19 32
85 95 99
59 61 91
70 8 77
96 55 10
69 57 16
70 43 26
52 51 98
38 27 46
90 21 54
46 91 84
69 2 10
76 7 64
63 38 77
80 70 31
36 97 99
38 86 8
37 27 93
18 69 2
81 77 33
70 18 48
78 47 27
25 44 81
57 80 42
18 7 77
72 14 58
89 96 98
32 49 41
28 1 57
95 16 22
76 62 65
97 10 85
36 7 25
82 2 4
71 22 21
75 6 6
95 84 45
38 81 12
30 2 29
65 56 99
20 48 96
6 44 34
42 26 45
96 65 51
66 22 1
94 32 0
36 10 3
46 78 46
21 92 55
69 30 35
68 7 19
28 83 68
67 33 46
42 93 25
50 10 79
54 2 76
100 30 29
17 94 22
55 89 81
73 46 10
45 83 44
56 1 87
96 52 77
62 56 30
42 96 54
88 26 23
33 79 49
85 38 56
31 2 98
59 68 27
84 33 97
96 16 30
83 36 27
12 89 64
51 3 40
68 4 52
45 19 32
36 74 11
70 81 34
36 60 22
21 96 9
32 86 43
31 87 86
13 6 58
84 82 12
74 8 2
51 90 97
89 21 23
43 61 53
31 9 13
85 17 31
90 51 47
31 26 77
8 60 37
79 15 35
10 23 13
92 51 23
65 44 51
60 73 24
94 16 45
16 57 97
65 58 45
25 85 85
84 100 52
1 30 72
15 94 3
95 7 4
23 4 10
38 46 23
28 0 72
93 52 47
90 74 58
50 39 63
86 17 43
63 31 52
93 32 60
46 58 85
35 68 74
12 40 15
22 78 85
27 31 50
100 50 41
36 98 12
4 14 69
31 16 24
15 64 32
17 72 67
59 0 68
20 100 71
99 39 72
17 70 21
92 31 57
31 59 2
38 17 68
7 56 56
30 93 94
1 14 43
6 37 28
65 72 71
23 40 50
36 43 43
74 39 80
8 54 59
85 32 7
52 65 59
1 10 19
37 5 16
49 27 35
47 52 71
67 84 46
58 79 65
26 84 43
66 34 99
16 17 87
16 65 99
9 93 83
86 24 98
1 86 76
93 46 91
75 70 83
54 46 17
57 96 69
48 100 69
55 93 15
83 60 3
3 4 20
88 21 5
59 88 21
53 88 44
57 90 24
2 63 69
34 35 18
3 62 62
16 87 92
35 14 89
63 5 18
77 20 51
28 61 10
11 32 100
80 57 33
94 74 39
40 48 75
31 64 7
33 33 35
75 65 73
15 1 45
87 20 47
98 74 54
36 98 39
50 59 54
2 43 14
0 99 98
51 79 18
32 69 67
78 99 95
30 56 66
35 35 33
47 45 76
34 54 20
86 69 25
5 85 4
62 76 96
72 30 71
89 2 55
85 94 21
66 32 91
92 91 91
85 89 52
22 11 85
58 70 85
79 1 6
39 83 8
18 95 90
99 45 39
15 97 24
55 34 37
19 7 13
100 23 25
58 28 73
45 54 53
61 54 33
77 28 1
2 26 7
45 9 92
91 65 12
97 15 62
68 22 67
37 41 84
90 71 96
46 70 75
64 12 49
76 78 66
26 54 90
74 51 100
73 38 46
37 60 47
22 96 7
2 1 35
71 10 36
33 57 36
19 33 45
45 52 24
68 8 53
39 54 87
81 88 63
7 73 20
86 21 59
39 62 17
98 6 9
51 45 6
20 58 14
30 62 95
39 94 68
15 31 74
50 16 62
66 66 70
71 87 71
36 39 51
15 49 51
6 43 64
61 93 86
36 66 29
19 96 16
71 70 83
15 80 44
6 45 81
31 48 48
41 17 40
45 52 80
11 87 49
7 43 63
27 90 7
3 29 94
18 24 54
34 14 25
31 25 70
7 40 32
29 75 25
72 67 76
83 18 90
56 67 64
80 47 69
90 17 37
42 29 42
90 53 61
88 41 31
61 4 84
56 27 61
8 59 92
86 27 15
31 49 54
13 63 29
78 62 25
55 83 64
79 34 52
7 81 55
65 73 51
75 75 68
65 55 98
33 30 82
4 27 86
67 89 32
54 44 23
91 1 44
2 70 18
83 61 38
22 99 79
100 43 77
83 8 98
22 91 22
78 3 85
59 19 13
1 83 82
72 10 19
87 3 64
100 93 74
86 67 15
90 57 73
21 39 75
0 10 30
39 70 21
81 100 91
85 85 79
32 47 38
49 98 25
88 21 52
0 11 90
58 74 59
28 67 30
74 99 33
72 17 42
47 33 11
10 21 44
1 59 20
7 26 5
71 65 74
90 92 56
40 40 89
3 6 39
8 100 61
87 42 51
100 13 44
95 32 72
94 4 78
20 94 38
43 31 66
43 94 9
66 10 57
40 22 53
36 70 30
65 96 9
77 100 44
19 99 17
49 91 73
59 98 28
79 78 64
98 10 24
24 34 13
35 86 42
40 66 36
35 80 66
79 93 91
30 30 87
43 34 83
53 38 32
52 14 44
35 58 2
61 79 37
30 14 10
46 67 98
85 89 12
97 35 60
85 58 96
22 85 72
88 8 31
44 41 38
88 13 0
19 51 44
27 57 37
28 59 19
9 29 6
73 38 72
83 50 84
42 50 75
95 83 43
45 6 27
86 34 1
27 99 25
73 25 94
9 69 47
47 11 24
11 3 13
20 93 37
3 78 25
55 94 60
83 20 41
36 27 28
3 82 67
66 21 97
93 66 57
38 37 21
82 79 2
9 76 6
43 70 75
51 43 8
69 86 82
77 14 58
51 50 74
54 31 60
77 38 44
43 11 43
48 47 81
2 11 0
33 70 71
68 49 69
100 97 4
87 93 72
3 98 34
63 65 39
35 28 76
35 3 88
84 23 91
59 88 0
4 100 80
67 73 18
62 46 93
84 30 74
54 81 91
34 9 28
83 23 1
13 85 18
33 64 36
28 30 24
81 85 11
45 88 66
1 95 81
48 20 98
94 74 83
31 23 27
12 38 60
32 10 100
58 52 73
77 54 85
27 32 72
13 85 29
100 96 23
85 53 54
35 34 1
82 29 28
13 18 85
85 62 65
61 50 55
72 74 8
86 48 27
96 41 23
48 95 37
2 23 92
17 35 5
5 68 97
2 85 81
0 28 13
38 54 40
35 58 33
52 77 1
99 40 75
71 52 2
95 39 5
4 80 99
31 39 58
79 77 76
88 1 73
97 66 26
100 3 73
22 9 7
50 74 99
99 64 19
90 79 4
69 86 17
55 37 51
80 38 41
68 70 61
15 37 31
21 80 29
34 36 79
40 47 2
72 29 77
96 53 97
73 40 1
38 89 89
44 53 91
32 57 67
88 16 21
50 67 52
3 39 23
7 22 68
89 95 6
1 44 68
80 49 68
56 24 40
20 88 51
57 72 13
86 27 0
88 4 64
17 34 96
22 65 22
75 55 23
21 52 93
62 50 47
77 3 23
71 30 33
93 44 74
3 95 52
9 50 51
19 94 49
26 8 94
39 49 65
21 17 0
77 77 94
59 8 70
33 14 78
39 92 23
12 55 45
100 54 3
39 39 57
17 62 100
74 53 72
47 16 83
27 5 28
86 95 64
99 17 57
94 83 81
10 83 21
20 74 75
46 82 73
73 71 31
82 55 47
12 10 30
78 66 26
73 5 28
62 21 44
91 5 57
9 15 87
35 65 98
65 63 73
22 66 66
2 59 75
32 84 46
90 100 93
98 99 21
6 94 71
27 89 82
76 9 58
67 27 76
46 67 67
36 92 96
45 77 3
68 46 29
92 49 96
2 5 40
4 91 68
88 62 89
1 30 33
8 94 93
25 78 71
30 68 28
71 19 71
2 84 24
76 54 11
77 88 58
33 90 33
67 88 53
29 25 98
42 45 34
20 62 42
69 70 64
5 70 25
68 4 4
79 79 56
21 81 32
43 46 43
2 22 45
56 49 60
15 3 66
96 54 85
84 65 88
8 3 37
50 41 33
48 32 66
20 76 69
1 47 43
52 69 85
33 79 65
36 17 18
89 45 74
95 24 68
42 78 45
50 0 0
99 59 52
47 53 14
47 84 87
23 17 90
63 92 63
58 41 38
93 45 30
30 62 29
0 61 44
93 91 86
12 79 98
66 68 50
89 53 41
86 7 34
85 83 43
14 53 63
82 65 67
99 6 14
54 21 53
88 21 58
87 7 82
44 79 43
77 23 10
33 75 7
94 63 67
19 30 31
18 91 28
78 24 83
40 65 39
69 38 68
52 76 53
40 14 51
0 65 53
25 59 45
97 19 82
97 12 62
76 22 16
83 61 9
8 9 39
47 22 88
48 93 26
10 25 55
65 44 17
5 91 62
40 43 78
70 7 4
67 18 23
92 51 27
85 26 73
38 36 39
30 23 71
69 46 75
4 9 10
31 0 79
61 47 93
66 49 35
18 1 43
84 97 17
3 5 91
79 4 88
47 94 66
30 18 68
60 17 47
72 5 53
8 72 59
13 83 82
100 53 1
87 28 18
43 5 42
0 61 79
91 40 50
42 72 100
53 21 18
37 20 69
68 69 35
46 69 96
34 11 42
38 89 97
47 85 5
64 64 48
71 14 22
36 27 29
26 42 70
76 16 22
86 71 75
74 99 51
41 49 26
71 87 0
75 38 37
41 32 86
21 26 8
11 25 65
97 8 97
13 54 24
85 46 42
17 66 9
1 37 48
46 19 8
98 44 17
45 95 55
23 69 12
20 7 12
54 61 9
92 39 28
77 44 25
93 59 70
28 14 72
27 56 73
72 79 95
38 66 0
50 75 39
27 58 23
91 89 55
16 49 50
80 71 62
93 45 51
19 38 0
14 9 95
32 20 29
89 43 23
16 84 67
92 73 24
41 70 78
93 71 98
42 88 9
90 12 61
46 45 27
44 98 42
61 23 31
28 92 71
81 33 40
46 19 47
38 96 14
17 55 13
54 88 8
39 64 82
13 84 4
54 26 80
90 9 85
91 54 7
62 36 53
8 60 77
58 71 94
7 98 38
12 48 58
86 51 56
20 30 41
52 46 48
76 76 93
75 53 14
3 57 10
69 10 11
93 29 12
90 52 58
24 79 61
34 3 77
20 55 49
10 69 62
60 99 94
33 42 70
26 63 1
57 20 6
75 62 92
21 69 49
49 84 49
63 41 45
88 27 41
99 22 39
18 58 1
57 65 82
31 53 42
70 53 96
11 9 49
14 27 99
83 3 69
41 30 63
94 11 55
53 98 66
84 7 28
76 95 93
95 17 92
15 95 29
96 34 50
2 38 90
7 58 76
7 33 69
24 66 3
50 13 100
79 18 91
6 18 91
17 83 78
33 8 88
73 21 57
97 0 99
99 67 74
98 24 55
100 35 18
48 93 94
25 92 47
10 60 69
48 17 89
52 44 60
68 70 8
46 17 70
33 7 28
54 16 9
34 38 97
77 83 42
37 94 90
85 54 30
25 63 7
47 67 34
66 32 74
20 23 51
5 28 61
64 25 97
13 36 79
5 37 21
30 68 17
87 23 76
14 17 6
48 93 38
50 9 64
63 42 18
90 3 28
60 37 66
3 86 71
91 1 79
88 53 52
3 86 16
6 25 70
26 62 66
51 27 97
34 47 69
64 11 14
93 44 84
85 28 6
66 55 90
50 1 13
58 8 65
7 32 84
96 69 5
39 24 50
28 75 68
6 57 77
63 32 80
60 24 61
85 82 73
23 50 36
28 96 51
23 36 54
42 4 20
24 66 43
25 86 93
0 5 40
11 1 29
27 81 73
29 53 89
37 80 93
76 78 74
4 55 91
52 19 82
73 78 57
81 77 16
90 99 79
73 58 87
16 27 17
85 89 42
72 41 58
65 32 65
25 10 13
76 84 92
26 1 52
24 35 23
68 87 60
84 1 59
28 47 36
2 97 11
71 36 82
90 56 61
39 25 98
9 14 0
65 90 32
59 56 58
13 32 58
24 55 42
59 77 53
35 27 4
12 86 5
92 81 80
79 37 16
7 29 86
68 73 92
26 54 98
90 91 14
53 40 33
75 82 84
22 88 62
61 64 41
34 11 63
27 4 68
93 91 98
56 14 96
54 24 71
51 11 88
1 29 81
87 31 99
70 19 65
54 100 72
18 37 52
47 74 91
48 66 17
21 22 7
40 54 33
62 30 95
86 40 66
85 33 67
66 66 69
55 34 95
17 53 42
87 52 24
76 71 57
60 16 56
88 24 84
5 30 25
68 60 73
27 51 37
27 7 18
18 49 49
67 61 13
81 8 62
54 61 53
95 60 95
82 4 64
34 27 92
34 57 38
53 99 3
28 73 73
67 37 22
92 4 66
87 28 61
39 11 25
86 4 12
68 97 16
35 85 100
29 45 57
60 16 23
91 5 85
34 56 12
41 62 99
4 21 62
11 54 29
97 72 16
99 85 30
31 87 8
80 4 16
98 75 64
82 25 96
79 95 69
80 4 45
24 56 49
82 3 26
26 3 66
52 16 16
54 84 98
4 99 66
27 95 4
25 32 1
52 89 48
6 11 65
12 20 99
99 95 38
55 51 81
63 12 88
67 32 33
71 83 17
91 89 44
40 22 73
97 77 10
16 35 7
28 45 38
30 80 98
63 100 54
37 71 23
90 51 93
5 99 42
52 44 25
23 87 14
35 46 60
69 4 84
99 93 80
76 52 88
11 47 6
23 69 16
63 33 9
82 19 20
68 66 60
97 5 76
55 10 86
60 96 56
69 34 21
56 64 93
19 13 44
93 12 78
14 97 96
80 70 44
29 5 72
2 16 10
59 38 3
41 44 14
99 77 0
84 14 50
12 37 58
53 89 85
90 9 59
32 42 42
62 88 82
73 1 53
58 11 51
63 62 58
33 10 27
97 13 53
8 75 63
86 82 25
0 94 67
24 21 6
26 62 86
29 99 71
68 24 83
46 50 77
69 17 75
88 63 40
73 80 100
82 37 71
66 15 20
4 90 77
53 43 21
3 59 92
9 68 62
23 69 73
43 26 20
13 40 33
19 39 79
62 87 8
2 49 100
96 10 80
42 81 38
67 43 49
54 73 78
64 100 1
78 65 100
79 10 48
89 23 34
38 78 57
32 6 25
59 5 4
48 2 82
47 86 94
10 84 68
1 15 69
9 8 21
7 33 79
4 47 73
81 57 10
35 93 65
19 31 76
89 97 50
17 69 50
77 93 92
41 37 85
30 8 42
60 51 12
77 72 39
87 28 3
14 57 83
66 88 59
7 33 4
94 42 26
75 48 31
60 31 76
24 7 70
60 66 31
76 24 23
66 14 55
81 10 76
20 42 63
77 1 79
15 17 77
24 17 79
55 57 54
19 91 43
81 77 80
85 29 1
85 65 62
52 94 95
83 57 8
86 80 66
5 38 16
35 51 0
72 28 93
68 38 40
79 67 4
72 75 39
26 85 66
13 89 30
58 66 57
75 46 74
60 10 26
91 69 85
63 77 38
73 51 49
22 77 58
19 89 49
9 20 18
65 3 86
99 17 13
100 45 51
34 71 64
36 18 81
45 25 94
4 61 24
26 86 22
34 68 34
55 64 5
43 78 9
48 18 30
75 26 78
61 49 64
2 24 12
35 73 94
14 87 89
88 63 48
48 46 40
28 30 100
69 41 41
87 28 13
34 11 68
73 68 20
87 40 81
97 53 61
11 36 98
29 97 56
64 5 92
80 43 92
91 2 31
53 76 1
37 3 87
42 51 8
28 27 70
38 23 67
3 68 91
5 84 68
8 83 90
84 36 69
87 61 91
45 90 100
40 68 99
63 28 1
37 9 88
84 46 48
8 93 94
48 24 70
71 37 42
33 0 73
52 25 67
37 4 89
87 80 81
93 53 54
56 11 50
3 50 66
12 49 72
23 2 80
39 64 37
40 76 31
61 32 20
68 61 27
92 49 21
45 36 8
33 48 97
23 8 79
64 90 26
10 7 46
0 90 28
81 4 80
61 78 22
24 59 12
71 82 86
77 72 25
29 9 24
75 55 19
84 22 79
14 56 80
31 43 35
13 23 84
72 6 84
35 40 73
51 100 94
46 15 17
88 27 52
5 82 84
9 42 77
99 12 56
7 44 25
46 17 62
26 48 45
50 14 42
75 100 41
53 31 34
78 33 19
55 18 2
16 19 65
59 85 96
40 36 59
85 96 59
91 89 49
56 82 59
89 55 53
87 33 61
16 70 16
24 42 83
59 89 82
50 48 41
51 20 53
30 41 64
13 14 52
46 84 35
47 22 93
44 16 31
27 53 36
19 9 86
8 86 38
13 35 75
61 93 31
3 53 58
19 76 2
48 91 41
61 46 33
39 71 36
1 11 8
21 48 10
9 70 60
40 22 51
55 22 68
55 7 43
14 85 77
71 78 20
35 45 19
66 45 33
7 85 70
71 22 27
89 32 62
50 68 20
91 62 54
6 63 49
12 67 29
63 0 92
30 68 54
15 23 15
46 14 85
24 34 0
2 27 99
57 95 33
96 29 37
18 84 70
47 32 28
83 100 17
44 66 57
74 64 56
1 16 81
52 27 31
10 30 35
20 59 98
48 83 71
45 50 70
9 92 18
12 34 70
13 45 2
2 13 25
69 0 58
46 38 60
51 91 88
46 15 60
45 46 71
56 74 100
79 46 51
88 21 49
42 57 15
40 59 12
61 61 87
55 84 51
26 61 56
79 21 98
78 9 22
86 48 0
70 8 95
90 55 15
84 66 35
30 24 98
44 47 43
46 2 58
73 75 28
85 58 56
84 98 36
77 67 68
91 2 69
87 71 64
7 29 84
33 57 76
46 51 29
8 7 83
26 89 38
59 85 44
98 49 53
74 36 22
79 58 85
11 46 31
89 15 97
13 94 7
88 48 78
34 24 93
1 71 28
9 8 27
10 88 73
99 89 33
24 70 50
21 93 21
50 38 92
80 26 85
14 24 8
54 23 38
43 22 7
4 55 3
83 99 27
83 29 23
88 73 74
88 82 24
61 56 10
25 2 30
92 92 70
68 26 67
1 85 95
40 1 71
26 76 25
78 45 89
87 12 21
40 45 44
75 85 100
56 3 47
25 46 28
43 42 70
95 30 75
54 12 100
37 14 9
69 55 66
84 57 24
37 83 84
36 14 28
6 0 74
83 52 90
10 73 27
15 88 28
51 67 84
44 77 23
68 24 60
32 76 87
17 43 13
61 92 14
20 85 55
75 5 27
52 55 71
18 78 66
2 82 62
93 29 76
86 85 51
42 47 45
59 94 72
90 60 81
77 62 72
98 67 51
43 36 17
3 73 41
16 65 52
93 42 23
79 79 58
55 43 93
97 64 91
51 29 83
68 52 35
91 60 97
31 67 31
59 2 77
4 21 77
23 43 22
90 66 71
29 9 31
1 62 0
77 43 58
52 6 77
98 83 70
53 5 22
37 94 16
89 30 33
58 98 81
25 81 85
59 51 95
70 28 83
52 6 69
73 40 13
96 63 87
76 17 44
73 16 54
5 70 95
78 0 1
62 8 84
56 71 42
45 61 67
47 92 80
0 20 61
70 64 0
38 91 80
45 41 27
56 92 68
66 88 8
78 68 11
67 33 70
83 75 82
43 30 8
73 36 52
99 95 21
74 37 20
36 89 10
91 31 46
68 86 37
86 54 44
51 72 54
17 82 25
6 39 0
97 36 66
13 79 70
13 52 51
38 73 69
30 2 32
94 55 37
37 88 64
83 26 87
25 87 18
42 92 54
26 19 54
50 27 5
60 24 40
87 18 54
75 9 64
68 94 75
17 98 38
79 72 76
4 76 71
29 20 13
73 33 47
94 89 59
88 4 50
72 96 98
93 11 91
27 34 11
64 41 35
34 99 58
82 66 48
39 64 88
4 22 13
37 76 54
97 18 11
89 65 26
45 59 79
56 20 23
60 34 69
99 34 66
65 78 38
20 14 92
53 72 81
9 31 29
9 29 78
18 89 9
43 56 84
27 30 33
94 11 39
23 54 54
4 100 68
87 5 43
83 45 49
15 60 58
34 65 45
54 35 97
53 70 6
41 13 52
84 88 45
92 45 94
17 72 25
65 59 23
0 9 65
91 35 71
7 24 55
64 22 64
46 8 0
50 11 74
89 76 96
33 75 38
77 31 79
22 29 86
20 73 76
18 78 21
63 76 62
30 62 84
39 99 54
83 60 0
89 87 49
12 98 20
72 98 39
86 33 47
73 74 94
62 49 64
24 46 1
45 33 88
69 51 33
60 57 31
12 52 60
74 60 20
73 73 11
10 84 23
64 96 57
17 100 71
39 65 23
76 84 82
93 86 96
80 10 75
47 86 84
57 29 27
61 25 11
69 28 37
47 80 19
75 70 99
71 23 49
88 43 99
18 29 83
4 2 48
8 78 31
58 64 90
96 27 73
52 11 24
78 34 64
69 84 96
71 50 35
22 34 81
80 85 40
73 0 80
81 30 85
56 99 96
23 63 28
64 20 21
38 50 44
89 14 27
97 24 25
71 20 87
42 45 94
45 11 100
28 9 16
60 86 36
84 68 38
54 48 28
77 100 98
54 22 5
68 83 10
75 72 59
86 56 78
59 51 100
97 28 75
74 7 45
46 14 55
81 80 81
65 30 9
93 61 20
15 73 6
53 32 96
14 76 25
9 73 10
44 81 38
38 15 88
32 68 49
18 88 36
70 12 21
85 37 5
24 99 8
77 94 36
69 81 87
2 14 23
22 2 86
41 56 55
21 69 22
5 42 52
74 7 65
13 73 54
78 1 70
24 22 82
11 13 47
4 62 85
83 12 21
94 91 75
66 88 37
66 35 100
83 63 46
4 1 0
52 22 33
73 8 67
34 26 53
1 50 86
24 22 10
82 78 14
5 47 23
29 55 16
30 87 97
63 50 93
34 32 89
94 55 6
24 86 97
7 83 26
57 11 42
82 98 51
82 47 67
99 70 77
67 59 55
85 28 66
72 6 9
21 72 97
32 27 15
77 17 80
91 44 1
64 47 68
15 95 46
85 62 99
91 18 55
66 36 95
54 31 42
28 38 81
33 97 80
67 96 45
1 55 100
1 66 35
91 63 74
99 0 46
54 95 85
96 89 62
11 67 16
38 64 72
95 83 43
99 20 29
58 18 71
17 32 76
8 1 19
95 24 6
8 46 85
88 29 56
22 62 92
2 10 12
1 100 26
78 88 37
19 100 79
66 89 77
50 17 52
66 95 76
39 97 71
43 70 34
99 77 68
57 63 61
62 13 51
10 31 89
83 7 33
41 79 19
51 34 38
64 26 98
39 41 100
87 51 16
15 99 56
41 56 0
57 72 2
99 52 6
43 29 50
63 6 20
21 36 4
10 28 68
50 63 95
60 28 18
66 82 44
71 11 72
78 77 92
78 12 94
92 4 55
97 85 62
2 8 97
25 100 46
8 49 52
82 51 19
45 54 50
56 90 71
57 99 39
9 3 20
35 80 70
98 5 14
77 20 10
54 37 21
75 59 6
38 76 94
76 1 68
3 72 98
76 35 99
53 99 54
63 53 54
78 61 12
82 98 85
16 21 56
6 85 54
6 61 74
56 72 55
68 80 77
1 16 89
90 45 65
28 77 37
79 60 26
38 84 75
5 89 14
99 24 29
73 5 49
83 9 88
63 65 16
41 24 5
37 28 27
25 58 62
47 95 22
29 84 67
57 77 10
65 15 33
43 67 63
14 11 43
87 77 35
87 28 0
3 0 95
45 13 19
41 15 84
13 45 46
32 20 82
43 72 27
12 56 70
28 76 89
36 69 96
94 88 36
43 85 26
7 3 7
91 3 77
48 26 60
28 80 10
16 96 35
46 14 30
54 100 86
46 29 100
51 26 94
40 34 68
58 49 51
96 36 64
30 88 39
55 75 36
10 36 11
85 88 5
41 42 15
51 88 96
56 5 4
52 36 30
6 51 2
15 89 27
57 16 26
55 53 26
36 98 73
36 73 68
80 12 28
31 34 20
37 26 4
91 36 11
86 96 44
72 19 26
36 23 93
43 97 42
25 48 59
31 28 78
98 75 97
17 70 2
39 100 1
0 74 30
5 13 97
62 45 58
85 35 84
38 36 56
92 75 1
42 62 62
60 94 34
51 57 23
71 10 15
88 88 24
68 16 0
57 32 72
84 66 62
66 11 19
5 2 13
99 98 27
88 58 3
87 75 70
5 98 27
90 51 67
23 32 65
87 83 1
38 60 86
39 62 62
99 23 72
22 92 63
31 10 82
31 51 100
29 4 2
45 64 29
79 83 88
49 47 26
83 26 25
87 35 34
47 88 33
65 38 19
65 81 91
19 92 75
95 87 20
61 56 67
7 41 88
65 25 94
76 7 94
51 44 84
56 33 65
9 46 86
20 74 94
24 55 65
86 4 59
29 63 57
70 63 91
59 59 42
40 95 92
42 90 63
13 28 73
35 4 67
17 55 77
23 96 67
35 86 46
26 5 48
42 6 98
13 1 9
84 75 42
84 13 5
37 92 44
21 43 87
29 4 56
46 40 42
18 33 75
68 75 68
92 8 72
78 66 41
79 26 28
90 28 71
99 3 66
51 12 44
0 33 24
14 18 100
33 39 20
89 71 41
18 25 62
76 89 24
68 36 77
5 72 33
94 37 100
2 58 84
13 2 85
41 31 7
63 84 75
94 57 65
59 51 2
64 9 67
2 35 19
74 73 79
31 72 61
23 99 22
34 63 21
21 75 15
38 41 0
88 99 68
82 65 48
38 75 92
52 39 82
67 17 78
67 72 86
48 95 63
44 31 96
67 76 59
73 96 92
63 46 24
56 91 93
6 70 76
18 57 68
12 26 91
100 46 68
78 45 54
12 32 4
11 64 54
81 34 49
52 63 90
79 56 78
25 64 88
56 83 98
49 85 54
100 82 6
26 20 40
70 18 32
66 83 92
88 39 17
66 19 58
54 57 95
66 97 27
96 76 62
28 9 76
0 92 68
42 65 10
59 86 53
73 2 31
82 63 83
65 91 78
55 42 6
95 49 50
27 90 54
25 57 98
93 29 97
80 23 55
100 26 82
79 8 66
18 75 48
87 2 22
14 89 64
11 43 65
50 63 19
81 31 53
85 49 87
79 20 37
18 42 80
50 31 92
15 60 84
36 39 85
69 87 38
36 80 76
80 16 93
81 53 22
94 24 48
74 80 21
66 93 94
18 55 52
100 100 15
19 88 30
60 88 10
6 71 93
75 74 14
19 83 93
43 47 35
23 87 43
33 60 87
90 82 43
7 12 18
4 49 67
0 78 55
12 33 73
51 67 16
8 54 64
81 12 36
24 28 98
52 35 91
64 54 89
20 35 74
42 41 45
98 34 76
82 90 31
64 45 25
96 83 56
77 12 95
56 10 79
89 51 52
9 75 75
69 51 39
72 47 54
91 62 94
95 56 84
29 74 8
64 88 24
30 40 94
4 50 79
79 72 96
98 67 38
63 40 96
10 53 47
96 86 14
65 99 44
97 21 92
78 60 17
14 84 65
91 57 12
73 93 43
56 95 76
98 14 81
51 81 61
94 28 47
54 20 89
85 49 83
34 13 98
16 67 38
56 70 68
42 29 71
11 60 14
77 89 46
74 58 31
89 56 86
68 5 13
52 35 80
7 93 41
32 0 17
2 61 91
11 70 28
44 59 40
71 69 69
19 70 90
93 28 13
72 80 11
42 89 83
19 62 24
70 75 77
96 10 44
51 46 69
98 6 25
45 37 87
14 53 88
22 78 81
13 10 11
75 25 86
51 57 41
46 93 84
89 92 43
74 63 69
94 5 92
21 10 27
20 50 39
43 2 70
0 59 43
72 64 29
87 18 64
45 80 33
77 0 89
15 12 29
1 78 54
89 85 47
33 50 57
45 10 45
4 78 37
4 98 35
94 85 21
14 65 79
25 33 66
6 3 30
37 84 1
66 18 61
39 81 98
20 50 63
84 94 47
6 62 94
92 55 20
68 19 29
59 3 98
88 33 82
27 32 60
41 55 90
59 27 57
18 87 5
95 43 99
43 54 33
55 22 55
48 71 10
88 10 31
5 42 27
86 46 81
4 83 59
19 30 48
56 52 4
38 12 64
19 92 19
74 22 85
38 79 35
18 71 27
85 94 78
92 88 80
42 17 52
87 14 42
0 14 5
48 38 29
33 49 57
28 64 51
32 36 59
63 40 73
69 86 48
40 84 24
17 53 72
7 65 22
38 39 43
59 39 51
16 67 30
16 6 75
23 93 60
87 16 69
3 39 44
0 73 64
57 70 74
94 26 38
84 2 0
41 24 61
100 65 95
80 40 92
60 50 41
94 46 1
82 73 1
84 58 21
3 24 48
84 92 9
93 53 43
89 29 77
98 2 51
41 29 100
20 22 2
4 94 60
87 0 27
18 84 21
57 4 32
90 3 79
35 70 5
61 72 8
30 65 10
59 16 40
91 62 59
58 62 51
13 95 10
100 80 48
51 1 100
59 61 28
7 79 74
53 48 81
29 10 57
32 11 10
44 21 9
8 60 24
78 43 21
32 53 6
34 38 62
86 20 89
83 55 40
3 28 79
40 36 0
24 0 49
82 91 34
11 30 23
79 15 37
4 83 33
36 30 67
98 84 77
31 76 90
86 70 66
89 28 8
51 55 77
98 12 4
60 1 87
30 54 32
93 49 84
19 51 46
72 77 89
27 40 38
89 27 0
40 42 43
52 2 92
9 34 25
82 13 14
81 52 11
76 47 99
80 43 85
19 4 95
56 47 29
31 12 97
80 72 27
33 80 15
75 98 32
7 93 77
4 66 53
69 97 64
63 31 34
69 99 84
48 31 46
41 30 33
43 52 7
20 26 5
62 96 92
2 57 31
34 3 0
1 20 94
51 61 70
1 52 84
43 63 11
79 30 45
27 92 48
14 87 62
81 63 67
71 78 24
51 29 11
62 100 18
50 14 46
57 82 62
71 58 1
73 7 25
20 100 69
75 75 83
75 22 32
69 87 74
97 94 3
35 30 53
15 29 29
15 33 21
86 56 12
74 80 18
42 86 38
82 83 72
66 17 17
100 74 63
63 22 40
86 40 59
82 44 6
56 100 29
80 1 28
19 69 33
9 39 18
83 96 89
39 31 19
66 21 86
30 42 44
26 62 28
4 30 44
99 53 66
16 23 26
32 20 41
39 21 57
15 95 24
93 94 47
22 45 48
79 12 45
99 63 19
55 70 76
63 74 45
4 17 20
51 55 28
17 21 40
75 76 10
80 78 40
79 93 60
100 8 59
74 53 96
47 26 40
86 62 35
96 40 35
45 58 16
26 56 100
65 15 28
23 78 5
88 93 12
39 4 43
33 93 69
30 52 10
24 37 16
34 73 45
25 15 31
23 77 79
49 81 36
43 6 94
27 50 64
62 44 22
56 45 50
66 37 48
24 54 66
23 65 95
13 73 66
28 94 10
97 86 12
32 39 74
33 76 19
5 65 29
15 79 19
90 82 16
90 46 75
63 5 93
80 5 31
33 14 92
26 6 45
1 94 90
33 93 22
26 0 55
68 16 94
55 33 84
52 14 67
99 22 3
22 29 76
87 67 59
33 30 86
54 49 57
26 29 36
8 38 14
94 66 52
67 49 89
7 6 97
72 97 50
84 45 63
10 53 18
70 82 17
60 45 73
61 56 37
76 13 78
30 25 11
78 39 75
42 78 88
66 99 99
39 31 20
70 40 0
90 100 95
23 13 26
36 58 14
66 99 19
49 32 39
96 34 14
27 11 29
15 69 37
3 7 62
24 66 53
44 4 69
66 54 13
47 56 31
81 76 25
83 8 32
18 81 80
89 27 48
57 35 42
76 35 22
24 48 49
28 44 8
8 0 43
85 47 75
40 83 7
100 93 55
36 84 49
99 40 50
34 51 72
49 14 13
21 46 82
69 44 54
0 37 24
99 44 34
26 86 25
60 74 20
55 90 10
3 10 60
91 41 3
68 81 3
73 99 40
73 45 24
67 84 36
72 82 1
12 24 25
5 8 68
90 18 31
67 66 33
52 81 96
89 58 88
29 73 84
31 70 13
97 98 69
59 96 24
42 66 96
69 61 48
90 100 62
83 58 14
62 95 87
63 60 21
30 40 96
5 28 18
44 13 28
11 100 43
98 10 86
91 15 72
45 50 35
32 38 99
82 59 90
82 18 94
50 63 52
6 63 64
6 65 5
6 23 64
20 3 66
14 81 43
12 39 38
99 95 80
71 84 92
25 9 23
43 52 96
87 4 43
10 42 50
57 54 10
10 96 28
75 93 90
63 87 82
44 8 5
33 15 86
15 95 39
18 57 28
24 51 81
85 64 67
38 30 68
17 13 54
57 61 15
44 30 4
55 86 88
58 40 38
95 18 51
79 31 6
23 92 47
93 47 31
74 32 86
9 60 29
36 30 92
62 23 13
82 45 33
0 36 31
71 61 38
28 2 24
32 70 61
96 89 1
11 6 91
70 72 67
84 98 78
80 54 10
71 29 57
13 50 65
63 19 17
89 70 96
19 68 62
69 43 70
93 37 67
92 24 23
66 19 68
88 20 2
50 50 47
21 16 75
69 62 86
27 0 18
66 83 76
38 46 50
19 40 0
87 61 52
71 77 92
99 76 56
15 81 89
45 99 87
54 45 6
60 83 63
47 30 57
11 10 40
63 80 94
83 54 8
2 27 89
22 14 21
35 6 76
7 87 92
65 14 77
63 76 79
62 18 2
72 90 73
18 38 92
39 36 40
41 66 39
77 72 48
34 11 22
42 75 85
53 24 12
50 32 34
71 65 31
4 93 96
31 93 81
31 79 86
17 28 48
54 23 82
69 24 96
61 56 28
26 66 38
64 42 38
25 8 52
63 25 31
34 53 48
98 22 65
76 21 27
61 63 13
96 66 28
25 94 80
68 75 75
58 40 87
1 59 27
26 22 94
34 44 25
85 20 84
25 46 17
9 91 19
48 68 84
4 15 48
55 80 53
57 22 38
52 77 38
7 17 38
1 74 100
55 34 51
65 10 58
90 76 5
45 69 95
81 45 27
27 44 26
97 68 63
25 16 16
44 38 29
3 43 52
74 21 67
22 81 82
96 59 34
75 79 59
41 72 68
80 60 95
11 90 9
91 90 85
17 92 33
92 44 0
32 40 82
89 46 21
96 82 79
14 65 32
77 75 32
30 75 69
41 53 69
80 56 48
22 88 57
91 59 4
98 83 97
3 82 84
49 71 99
94 25 19
94 73 50
67 45 6
19 13 37
2 45 1
32 33 65
47 55 22
85 95 50
11 84 15
61 81 71
52 69 55
57 61 14
88 59 46
62 88 88
53 13 62
84 43 87
75 96 25
90 50 62
42 42 46
58 25 38
44 1 48
31 26 100
4 98 68
86 13 97
94 54 43
11 57 35
27 30 0
32 32 75
16 71 44
48 62 11
68 74 87
81 46 89
63 50 6
99 9 39
17 28 74
46 68 100
36 37 0
75 26 22
54 71 3
42 11 87
83 65 17
85 55 93
77 43 80
53 64 35
2 86 48
85 28 43
99 93 43
6 62 3
57 20 56
68 29 26
71 96 28
4 44 44
94 10 5
55 77 45
76 80 89
49 4 76
81 34 66
9 75 8
97 50 27
7 76 23
57 91 88
45 14 24
87 59 87
80 34 42
27 11 40
82 29 63
98 77 44
43 80 29
56 92 4
33 31 15
85 93 56
18 68 39
12 4 16
7 13 5
0 75 22
48 38 13
65 18 70
88 63 63
61 62 86
99 25 30
6 2 59
25 44 63
19 49 79
9 78 78
73 78 0
0 96 29
98 40 96
69 1 82
70 20 35
100 27 29
57 67 2
45 51 74
42 14 71
98 96 9
57 38 12
45 6 5
74 19 65
36 21 57
4 78 82
60 3 96
34 46 83
97 72 79
96 38 42
87 4 30
31 0 94
71 60 18
54 94 9
77 16 6
57 62 78
16 4 80
46 47 43
84 71 12
15 51 44
5 71 98
24 5 46
90 17 14
72 54 68
1 52 24
54 20 38
20 83 17
31 79 76
26 71 21
13 90 74
25 52 68
28 14 34
58 11 55
20 39 0
37 65 26
70 82 8
77 77 84
1 49 5
82 52 38
80 97 69
24 83 65
44 96 29
79 28 43
49 53 57
21 70 22
63 43 6
19 38 68
97 26 84
85 72 84
45 87 32
43 91 88
40 44 41
34 31 83
36 82 79
45 18 71
96 38 47
88 14 3
64 67 2
36 30 91
84 55 32
36 74 98
98 99 100
20 49 45
29 69 60
60 11 67
80 79 93
58 22 1
31 46 66
94 4 98
22 97 62
32 4 35
94 0 95
89 35 27
23 45 77
14 51 97
68 86 51
7 95 89
7 28 68
25 52 65
37 0 44
46 95 36
58 68 34
73 6 55
57 87 22
26 36 63
82 42 9
21 56 47
50 20 66
87 4 57
19 37 7
7 96 86
12 66 36
11 97 41
51 6 40
26 52 41
16 45 38
94 21 93
27 0 81
40 37 17
65 30 56
39 89 64
94 53 55
1 92 9
56 82 98
45 83 33
53 47 67
43 8 12
82 5 88
14 60 35
17 96 15
52 39 76
37 32 80
98 73 44
25 45 97
27 40 2
92 52 70
99 70 5
18 65 25
20 11 83
25 26 0
67 95 19
1 51 67
26 88 4
64 38 26
39 60 27
68 67 83
76 16 49
31 59 60
46 24 98
26 84 35
4 50 52
3 5 93
99 88 9
53 43 2
29 33 33
52 22 60
60 92 99
32 98 44
15 95 1
33 76 49
15 36 36
23 66 45
65 16 5
66 61 53
32 55 15
66 66 26
5 98 55
5 81 3
19 51 17
67 87 18
8 45 46
22 97 99
6 55 97
81 25 30
45 87 72
65 28 94
7 87 68
53 8 85
37 77 29
87 17 19
31 11 48
76 43 89
43 18 45
38 30 46
62 48 75
20 59 36
34 42 68
34 66 69
26 65 6
18 18 73
84 74 26
32 30 9
48 86 74
4 60 63
66 52 86
6 62 32
84 47 88
71 58 53
23 83 95
96 87 53
46 57 82
0 2 60
60 9 71
90 95 40
0 7 97
58 28 36
75 40 84
31 60 86
75 45 98
35 90 92
4 76 69
94 32 55
89 72 37
19 64 26
94 98 12
85 70 23
54 21 90
42 98 58
18 98 68
70 66 56
95 29 89
84 68 56
71 68 94
91 39 57
82 85 50
10 3 36
96 91 58
28 68 43
86 91 87
5 85 58
10 61 86
51 50 3
69 67 21
49 52 26
99 93 21
1 58 66
68 43 85
66 77 18
82 0 2
17 24 87
80 7 90
83 13 45
7 19 82
36 4 70
72 88 37
75 33 66
7 71 31
48 33 55
48 17 10
98 13 71
60 53 1
96 59 71
96 82 47
80 94 1
35 69 47
16 74 15
35 58 6
57 46 56
30 70 95
29 7 47
22 41 53
13 92 55
42 20 7
98 21 91
55 65 38
22 62 61
61 75 58
60 44 64
95 77 31
86 86 90
49 87 65
70 42 48
75 95 40
74 54 75
69 19 92
69 27 8
59 11 0
48 8 18
53 79 57
28 13 99
19 35 86
27 19 61
20 72 6
96 96 95
87 56 86
28 16 95
72 70 31
93 32 22
16 76 64
43 73 1
26 19 75
48 95 76
65 60 42
66 47 38
8 10 59
63 78 34
34 24 14
10 88 22
45 72 8
52 16 81
53 47 74
70 32 66
51 35 27
68 45 61
26 39 51
70 87 38
22 80 40
0 99 8
96 75 28
94 83 30
43 32 50
16 12 91
36 35 87
17 86 3
9 67 91
34 94 26
83 9 9
43 90 12
11 91 43
99 93 8
95 67 67
4 39 51
63 61 65
24 96 53
82 50 98
67 69 63
57 47 3
44 64 33
55 33 24
29 2 83
47 48 59
52 83 8
13 32 99
47 60 29
42 94 7
87 32 39
93 66 79
24 35 60
6 27 45
1 49 91
44 80 22
80 29 84
5 0 29
84 20 95
55 79 81
11 88 67
48 97 29
91 54 10
22 69 40
83 60 14
55 65 8
1 91 72
18 7 66
44 59 24
71 39 28
68 65 47
25 9 49
25 41 50
39 7 50
43 96 12
42 71 69
65 93 71
81 92 31
31 90 88
83 64 4
64 8 26
13 24 15
34 89 10
24 47 85
92 47 13
29 37 99
21 14 86
2 65 69
10 0 66
70 64 36
47 20 98
84 19 55
48 11 55
5 45 25
90 79 94
27 100 1
80 43 18
48 41 18
52 32 36
82 79 65
35 48 12
48 3 25
46 19 88
85 63 2
7 0 29
21 80 40
38 55 80
25 33 69
36 93 45
17 93 95
48 98 17
28 26 96
68 24 80
80 2 50
67 10 38
17 69 57
75 18 95
34 33 59
58 66 64
14 93 73
4 0 87
23 76 61
6 53 10
76 24 36
77 61 51
33 45 92
93 63 14
64 78 73
99 3 53
67 66 96
2 3 52
84 60 32
87 93 64
83 39 70
53 51 63
81 55 0
28 91 60
68 23 23
3 41 50
38 49 10
49 4 62
74 23 68
46 34 99
40 57 30
55 19 49
47 77 15
23 48 25
60 9 3
34 2 74
1 62 100
77 90 18
15 38 82
70 100 48
27 3 8
63 29 70
30 53 30
84 72 56
49 18 27
65 46 82
48 29 6
8 73 7
16 72 11
86 4 2
71 83 90
34 13 98
89 23 93
85 60 94
42 17 24
3 7 85
64 11 37
58 33 38
94 62 76
60 36 50
94 4 68
52 99 80
80 90 41
22 71 42
51 37 6
31 7 86
45 5 85
67 10 18
35 63 16
13 95 56
59 28 89
32 48 0
72 12 7
44 40 8
85 80 35
25 63 81
20 70 86
72 63 40
84 81 2
81 19 9
76 36 86
25 4 89
69 33 65
80 14 2
18 56 17
4 79 62
42 45 22
98 26 50
36 18 56
47 78 22
63 64 12
65 50 49
56 33 41
9 25 13
89 25 93
72 96 46
12 14 54
55 79 0
55 39 27
6 27 13
44 21 35
64 51 45
49 44 29
5 46 74
91 99 44
66 91 53
79 55 63
37 1 41
95 5 44
76 50 48
83 95 2
1 60 19
38 73 27
27 100 44
62 2 53
21 89 13
13 100 10
93 56 7
91 73 45
33 1 25
39 1 24
62 95 51
54 92 18
55 12 72
76 59 58
60 85 98
53 45 33
94 74 40
71 40 47
51 49 2
64 98 6
44 23 24
38 61 93
35 5 87
90 3 25
65 4 33
35 68 43
97 56 87
98 60 84
38 9 77
42 1 9
24 33 100
45 29 92
93 24 78
41 88 37
100 98 29
27 16 42
11 0 1
43 93 21
43 19 62
56 48 3
35 27 29
62 63 13
86 57 24
64 87 58
19 50 31
95 51 43
73 62 32
10 44 0
52 51 52
33 3 24
24 16 82
7 69 68
6 30 4
29 85 49
5 79 40
25 51 33
74 83 50
57 88 75
37 79 100
78 7 25
13 70 42
86 36 99
83 33 59
7 84 30
77 79 31
40 10 34
30 87 30
30 72 87
52 59 29
97 57 25
48 88 14
86 99 66
64 17 70
20 88 36
40 35 40
7 5 2
84 57 11
87 85 64
75 65 92
43 66 46
0 26 32
99 78 0
2 36 17
84 46 46
47 50 94
69 98 25
67 57 25
97 10 77
13 22 15
80 93 11
69 28 21
75 72 20
75 80 48
11 23 56
52 60 27
21 67 50
38 79 2
32 85 0
0 59 0
0 55 49
89 47 42
58 59 11
100 41 46
0 45 59
6 82 38
32 18 71
23 98 90
78 37 18
57 33 7
66 70 85
6 62 12
26 55 83
38 4 36
22 78 52
5 59 50
82 68 2
42 87 29
18 31 35
12 44 98
45 19 85
54 44 73
2 31 64
21 43 95
76 72 12
14 81 35
1 15 37
69 38 60
61 95 98
6 66 22
1 71 93
24 99 87
88 13 58
31 90 84
50 74 36
61 49 9
19 66 24
29 53 13
73 100 14
39 39 91
60 88 54
14 64 89
25 99 10
79 70 18
81 61 78
25 1 43
34 92 90
58 93 22
37 75 91
51 1 77
44 18 91
62 77 80
93 52 100
68 49 98
79 12 44
16 76 55
31 88 94
61 76 86
4 67 81
5 18 77
74 69 64
70 45 30
7 84 89
67 91 48
100 83 22
44 29 85
73 27 83
96 73 33
10 18 92
12 0 84
66 56 82
27 37 71
98 42 34
71 21 78
94 21 57
61 95 66
63 34 2
23 82 34
62 78 86
52 56 65
77 11 87
57 4 59
83 18 33
50 41 91
88 6 66
45 75 4
66 69 57
55 2 93
9 44 39
100 92 9
74 43 83
83 9 86
62 58 1
51 27 85
37 66 28
15 60 84
96 16 43
72 9 60
50 63 3
65 65 19
46 43 20
85 86 43
59 17 23
6 13 10
70 66 68
52 21 59
70 56 10
33 79 13
2 61 1
86 92 73
39 5 32
82 7 29
33 70 6
67 29 12
3 93 27
66 24 91
80 20 87
51 95 10
95 79 97
30 27 5
13 14 44
55 34 31
77 27 18
45 53 97
77 10 74
2 49 7
36 61 40
63 73 0
68 100 4
42 88 11
0 63 65
89 83 5
21 47 71
77 84 51
4 80 92
88 39 44
61 7 9
20 41 96
99 69 26
5 22 80
40 67 49
80 0 58
53 49 39
80 63 8
58 13 99
13 58 32
72 26 96
72 39 1
98 28 79
25 51 99
81 3 62
27 65 36
95 30 56
72 49 87
70 25 24
96 99 24
61 14 5
97 13 86
38 83 46
35 48 1
10 92 10
94 25 96
22 29 14
57 29 97
46 33 49
21 72 43
100 57 18
87 44 100
87 26 84
7 12 100
64 18 87
76 64 75
40 89 3
65 71 91
68 5 8
14 5 89
91 69 38
12 29 94
19 66 98
88 70 5
57 74 50
96 35 60
15 5 87
23 57 73
50 25 32
82 14 72
49 35 70
64 27 86
94 68 65
33 86 25
63 59 26
85 62 59
12 41 17
1 99 39
37 13 54
30 0 81
67 15 32
42 54 4
11 73 97
87 12 61
15 17 94
40 72 50
60 87 85
79 0 23
40 87 71
59 89 55
33 90 75
43 1 83
22 6 93
56 100 63
13 68 6
0 20 17
68 98 93
51 62 62
88 17 66
19 1 78
12 25 79
36 79 8
90 92 42
68 39 100
65 52 51
92 85 28
18 31 84
78 45 11
7 42 47
80 83 73
72 72 28
26 25 13
31 31 99
94 0 100
12 12 8
16 24 65
70 49 38
100 26 54
30 71 41
10 49 39
44 61 71
82 76 11
70 70 34
19 31 13
33 15 9
54 67 46
17 6 9
15 15 10
27 49 84
25 39 21
3 87 71
31 36 77
32 70 28
57 39 64
90 31 82
21 97 32
95 28 92
78 82 86
71 55 38
51 24 37
79 49 17
99 13 95
10 71 79
20 94 42
26 1 43
90 87 28
29 28 28
56 60 99
100 78 93
47 28 6
99 81 43
20 47 41
27 78 12
44 50 82
2 32 62
16 99 12
49 2 2
93 61 47
14 22 16
91 12 19
42 18 65
0 98 91
60 72 35
88 9 48
80 91 59
48 16 42
43 60 25
83 84 10
26 69 1
77 81 25
58 0 89
87 27 38
42 20 67
8 30 74
83 82 31
71 43 75
36 26 19
35 71 96
50 43 92
8 39 49
11 66 15
84 0 99
24 88 51
76 21 50
89 43 88
18 93 57
70 87 35
69 8 52
34 77 51
54 40 31
27 61 67
2 1 67
47 4 89
74 95 58
35 4 24
22 40 13
87 20 6
50 23 96
20 89 10
68 70 50
1 99 27
89 100 22
62 5 36
2 18 40
75 60 71
53 97 94
58 68 78
81 34 8
44 76 9
63 18 86
20 84 53
22 36 9
62 17 57
77 1 53
36 83 93
11 31 89
41 74 81
75 24 74
100 89 36
94 75 57
68 36 85
20 36 43
1 3 55
7 50 81
0 17 9
31 90 3
97 61 55
58 17 57
77 9 11
14 87 87
31 61 99
32 20 25
4 96 100
2 61 78
25 55 87
11 19 52
89 75 43
77 12 38
71 28 84
80 99 55
75 56 99
14 3 18
44 0 89
86 96 16
84 13 22
20 26 32
11 52 19
76 44 40
24 23 87
93 57 18
3 77 82
84 40 19
5 97 86
67 54 76
76 54 69
51 31 46
62 91 55
64 12 43
72 98 46
88 54 61
63 85 38
19 91 8
52 16 78
20 1 15
29 78 82
24 10 95
61 74 69
59 22 93
44 74 77
30 45 62
52 42 38
56 4 62
91 43 44
29 80 5
83 90 47
76 1 26
27 54 35
45 5 100
51 87 43
78 15 22
89 58 62
36 16 56
25 34 37
95 87 55
10 18 15
49 72 89
68 79 85
61 94 97
42 85 41
20 71 42
15 32 93
76 20 91
63 44 87
92 81 8
8 13 6
0 59 1
98 29 64
51 77 56
14 86 83
27 99 33
47 26 0
61 80 47
8 91 85
8 8 47
68 80 31
8 67 7
46 87 42
62 79 9
78 11 86
36 84 32
93 99 69
94 50 11
24 96 63
88 87 88
96 84 57
4 79 6
79 9 58
80 52 72
34 77 30
69 75 11
40 52 55
85 25 86
58 36 10
40 83 3
30 33 39
2 57 92
5 19 10
58 100 97
41 74 27
38 65 37
59 72 7
3 37 43
97 80 70
59 89 17
88 95 98
9 62 20
8 4 93
45 94 8
24 28 19
96 52 88
12 3 33
75 19 34
9 35 100
71 55 42
65 65 7
77 66 63
17 80 1
27 82 52
8 39 50
20 4 13
98 73 34
74 4 85
48 2 28
68 43 67
13 68 92
63 49 58
77 89 57
72 68 93
31 91 29
35 76 47
22 1 80
87 76 49
25 43 14
98 47 98
93 53 16
91 18 26
13 50 84
89 75 93
85 23 75
30 39 95
43 53 74
74 40 94
54 52 42
65 19 55
0 52 11
1 60 98
84 62 81
79 88 10
37 73 19
82 41 84
5 6 35
90 53 16
87 97 5
33 47 46
59 38 67
3 45 58
44 27 74
15 67 17
94 18 38
46 45 57
50 64 29
100 19 28
23 86 75
2 90 52
93 21 33
11 99 72
74 67 81
6 70 41
93 49 41
88 46 23
80 66 70
77 92 79
42 93 1
74 5 84
30 83 57
37 58 68
44 24 16
4 68 5
21 79 17
71 22 52
76 2 11
9 61 29
95 98 66
42 22 98
41 11 10
88 28 39
18 18 18
53 72 20
67 85 2
36 97 46
77 7 61
39 96 76
9 67 0
19 80 78
31 67 24
37 10 83
51 73 29
96 41 80
24 33 13
54 93 27
10 28 19
18 13 29
3 89 53
69 18 18
75 13 81
21 64 54
61 67 90
45 14 64
68 33 72
69 61 99
32 17 50
34 20 55
41 89 7
0 38 87
76 64 61
15 99 44
50 16 99
23 19 56
0 51 4
10 59 68
16 84 11
25 69 45
67 68 97
89 13 23
48 66 47
93 26 21
69 66 41
0 34 73
52 63 16
24 95 15
87 25 1
46 6 37
4 7 67
9 16 77
93 84 79
69 10 67
100 65 4
78 59 10
99 21 44
25 69 88
23 39 85
86 23 68
98 76 86
68 68 69
39 55 2
38 58 46
11 85 75
14 22 57
25 49 87
37 72 33
76 2 92
31 11 34
72 22 27
18 38 52
100 37 26
15 78 31
88 16 99
59 2 46
29 43 24
50 40 2
4 42 54
74 49 40
73 59 11
93 33 20
63 96 56
88 84 87
38 13 25
81 38 9
29 51 86
40 1 55
57 37 63
24 60 14
85 95 50
13 19 94
66 6 31
88 33 35
68 52 80
82 13 99
42 72 45
24 52 95
17 49 62
12 96 69
41 28 60
72 80 1
83 57 22
17 30 62
100 77 39
76 99 1
70 67 99
41 18 53
19 69 92
3 84 15
18 32 50
2 62 55
22 55 18
87 8 0
39 94 45
63 8 75
71 63 76
0 24 71
38 49 1
98 73 0
42 81 11
85 53 61
22 31 15
27 27 73
12 99 99
40 64 28
52 28 58
42 86 28
24 10 99
100 91 86
100 23 24
20 93 5
92 57 95
37 86 34
47 27 17
99 82 18
51 85 91
84 17 94
77 58 14
79 54 66
13 40 1
68 60 20
20 25 3
61 18 72
38 38 92
70 60 56
53 41 33
49 46 71
22 0 71
98 11 8
1 37 75
88 80 40
93 36 48
16 93 27
39 42 25
16 64 37
70 23 23
63 0 18
75 6 17
53 93 43
36 65 89
33 56 16
95 39 57
69 56 48
49 40 92
33 40 99
30 17 81
49 56 66
74 73 29
45 47 82
36 54 41
53 16 35
69 46 1
65 86 1
96 27 5
45 57 39
0 35 53
72 83 79
61 67 73
71 27 81
3 62 9
74 12 42
21 18 61
72 100 49
8 89 55
66 3 74
65 87 10
81 92 33
95 22 77
95 51 20
8 19 27
63 22 34
31 10 48
86 24 44
49 90 54
13 84 30
74 9 8
14 37 98
46 38 73
14 86 98
22 44 83
80 71 51
33 21 84
73 67 3
57 33 98
52 74 39
72 45 93
21 2 31
52 62 73
85 90 91
42 36 14
81 15 98
56 76 4
33 0 1
79 9 67
0 64 72
81 15 94
81 59 59
7 16 100
38 18 9
26 13 57
79 15 63
52 17 36
34 77 59
68 75 59
99 73 37
32 13 81
80 63 19
71 67 91
49 5 57
66 59 43
66 87 77
25 63 5
100 51 60
57 65 65
74 6 59
60 41 66
44 13 46
50 70 64
13 47 48
98 64 18
55 38 68
72 50 79
32 66 34
28 85 3
98 63 21
92 88 58
76 0 90
36 52 78
70 32 82
71 45 72
16 47 50
62 45 51
61 77 46
8 18 22
75 82 45
97 40 57
36 96 81
8 86 83
62 16 1
82 51 24
98 44 7
31 16 47
67 16 34
75 79 41
74 87 68
10 24 84
36 94 4
100 77 30
74 78 27
35 34 37
28 50 57
0 8 22
12 43 89
58 1 25
50 38 75
87 54 50
77 76 28
13 41 19
79 82 95
17 80 28
43 27 29
92 50 51
17 70 10
22 86 73
76 51 93
82 86 74
98 33 69
70 37 86
93 0 61
35 62 6
55 85 91
63 24 71
22 54 15
32 7 28
70 28 37
81 63 73
65 12 14
55 32 13
11 67 79
99 17 28
94 73 83
44 57 95
5 44 18
47 78 24
66 37 14
79 89 14
57 27 38
77 32 51
29 43 72
68 29 0
36 16 18
30 97 18
90 33 28
20 48 100
85 81 35
99 30 28
76 81 64
34 22 95
85 40 64
19 44 69
95 28 0
77 12 37
40 27 93
95 62 21
88 6 39
13 43 82
23 90 22
89 28 94
59 90 44
9 98 50
62 66 91
59 89 43
40 87 32
83 58 64
91 72 6
71 57 73
51 7 64
4 20 43
75 87 74
59 3 10
27 58 6
81 12 39
14 84 16
58 36 0
95 0 94
56 70 37
1 25 73
8 12 91
14 43 10
100 76 34
64 51 0
95 41 51
27 47 71
97 7 17
40 25 2
71 91 68
19 8 16
81 58 48
7 79 65
46 36 59
56 68 12
98 95 91
67 38 85
57 74 72
29 90 58
87 24 49
39 16 31
67 77 83
70 90 13
41 64 54
100 5 47
73 66 21
92 96 22
35 91 22
55 77 68
15 44 6
41 6 23
34 3 7
99 81 76
67 76 38
81 11 19
100 64 24
56 70 73
78 23 72
68 26 54
91 47 26
49 89 87
11 92 4
18 47 33
54 35 0
99 57 7
80 52 34
48 14 45
98 3 72
75 51 63
76 35 42
91 85 21
93 4 18
23 15 73
63 28 93
64 33 10
78 69 38
68 21 45
18 40 78
32 57 45
31 96 25
52 12 78
53 1 95
5 61 73
14 95 24
30 74 99
45 61 63
79 79 83
74 75 54
17 68 1
87 65 97
19 8 60
79 99 44
88 23 2
6 83 97
73 1 56
55 81 64
49 43 16
34 43 23
98 64 28
49 26 41
36 43 32
42 18 98
45 15 19
95 13 29
98 77 34
36 94 2
41 1 70
67 77 47
14 4 8
19 87 3
74 90 94
14 55 32
45 21 90
39 63 69
2 1 56
35 28 27
66 90 98
8 59 1
14 65 15
73 54 4
40 90 30
0 67 67
55 12 99
76 18 78
65 36 11
70 8 99
90 65 53
6 62 78
61 92 85
30 35 79
90 43 15
61 28 73
82 22 44
80 35 69
75 89 41
35 27 41
50 34 58
52 13 69
49 63 54
26 18 87
4 100 17
23 90 10
46 52 63
99 28 100
41 61 1
18 71 3
91 54 10
31 22 70
19 36 21
97 61 8
41 38 25
52 61 49
65 15 86
87 9 78
25 94 9
76 46 71
86 84 77
16 94 35
50 89 18
49 70 45
71 62 99
50 46 7
93 93 75
79 81 98
91 24 12
39 37 44
61 20 68
81 46 39
59 48 10
27 74 41
46 84 65
71 7 56
57 17 19
39 0 69
10 10 57
45 71 5
52 12 4
40 16 21
34 75 91
0 87 87
44 38 32
28 20 93
60 91 9
23 25 63
68 70 61
65 31 88
64 59 87
97 35 55
43 42 7
57 74 92
81 82 38
34 97 33
10 90 55
98 95 22
55 54 76
25 33 42
66 92 36
98 43 100
33 92 61
46 27 79
41 77 12
37 78 2
27 4 46
33 2 71
52 27 41
52 54 76
2 54 11
89 27 60
25 14 16
46 5 11
66 5 96
49 13 10
51 100 85
80 21 24
30 51 60
3 79 1
48 17 89
40 86 50
74 57 83
48 53 14
0 75 30
57 23 10
54 58 0
62 7 98
44 41 77
7 17 60
80 100 71
62 30 31
68 0 79
56 96 42
25 23 84
47 32 96
4 76 94
20 7 75
14 54 15
3 1 1
37 47 39
64 64 64
90 39 89
49 22 8
0 44 21
23 90 2
28 18 61
96 53 16
97 26 48
67 81 31
13 27 91
20 77 34
23 90 68
70 61 88
37 64 20
67 25 31
48 98 47
8 42 80
47 98 64
46 22 56
29 36 12
78 27 93
79 30 13
76 5 17
74 91 48
61 33 20
16 56 25
84 2 14
49 10 37
93 13 93
52 89 0
61 92 99
30 74 46
59 71 90
57 27 8
20 85 14
97 80 43
51 12 12
76 16 71
5 67 33
74 74 24
3 29 86
63 9 78
63 35 69
75 77 37
100 49 70
63 3 93
35 89 71
20 0 91
74 10 2
38 77 45
1 32 90
3 22 3
12 52 18
61 21 84
100 73 20
28 16 67
64 92 44
44 83 23
32 38 78
11 50 66
46 38 93
55 10 47
24 40 42
53 76 9
33 82 1
35 5 17
54 57 74
81 36 73
13 31 29
0 90 77
11 34 30
36 86 89
30 36 91
47 24 74
78 40 59
93 4 90
81 0 46
40 13 95
49 53 12
36 63 26
83 32 39
67 35 72
4 42 54
63 70 46
16 80 27
31 62 6
37 51 30
34 27 94
7 59 94
6 19 4
39 53 51
61 13 69
75 85 38
31 79 68
92 19 66
51 44 25
94 87 31
57 41 7
3 62 18
56 43 69
27 52 90
47 13 57
41 1 30
38 0 95
27 95 91
80 88 71
13 32 91
86 15 68
97 68 92
25 77 1
53 98 59
12 100 78
35 25 23
4 21 89
42 71 39
73 67 32
91 33 90
61 74 33
25 83 19
65 48 89
27 33 38
81 18 79
68 18 13
19 17 75
24 1 28
56 70 77
41 23 31
28 75 91
77 12 87
46 34 51
81 58 54
17 84 98
14 25 98
30 81 37
1 61 30
58 59 67
16 65 92
22 76 50
33 26 71
15 6 28
38 52 17
14 3 80
14 91 84
84 87 60
1 100 64
40 50 22
63 95 71
46 21 20
65 50 56
4 5 87
39 56 61
51 79 84
57 52 61
11 100 45
26 33 70
27 65 80
59 39 86
74 61 17
30 98 23
46 8 51
99 97 59
0 71 25
68 53 94
40 97 12
89 19 93
85 42 10
80 100 47
92 91 19
59 47 57
97 22 85
45 92 26
31 68 6
42 99 26
13 96 78
40 94 73
51 77 62
75 48 10
7 60 32
3 16 46
32 59 39
78 13 56
39 23 88
93 54 65
94 39 32
73 64 63
39 88 51
94 51 40
34 57 47
31 52 70
68 88 88
12 77 98
49 25 67
33 3 30
47 13 30