5092
4 20 27
21 84 23
58 71 44
73 42 13
97 84 61
37 63 36
39 57 84
14 79 60
64 77 84
53 15 30
9 70 26
47 71 97
66 18 58
23 71 46
68 67 89
29 68 10
50 57 30
72 1 91
84 6 40
60 65 37
14 4 46
69 35 13
57 81 90
39 68 76
1 13 48
95 48 44
61 19 7
53 92 4
73 72 20
39 70 28
92 14 65
51 85 69
55 96 44
93 83 96
99 87 93
91 64 83
90 54 29
88 73 6
70 8 67
48 80 21
6 25 60
73 23 20
57 45 10
79 47 61
93 2 53
15 21 89
7 31 21
77 26 69
47 43 100
29 36 32
79 68 89
99 48 51
73 22 75
52 51 22
67 7 62
31 86 90
89 95 49
41 3 69
65 36 98
51 53 7
64 8 18
28 82 5
1 70 35
95 75 70
11 11 98
15 93 31
21 51 81
21 68 63
88 20 54
100 30 34
41 33 18
38 7 83
42 85 44
21 72 59
14 51 0
77 51 67
14 4 10
89 78 98
74 44 81
54 36 37
33 97 70
82 54 69
62 34 56
5 46 29
27 88 82
89 54 54
29 43 52
11 70 33
58 97 39
25 37 58
26 67 90
60 50 21
15 26 66
17 34 49
39 17 68
97 57 57
44 32 85
54 67 64
86 35 43
82 37 39
59 43 43
92 71 62
20 18 77
70 82 72
57 73 66
25 91 51
42 34 26
42 16 53
21 85 83
58 32 30
60 29 10
1 9 96
25 12 84
11 64 96
40 17 92
5 9 79
97 95 39
19 92 25
79 62 2
32 86 34
77 90 41
25 81 69
74 38 68
51 64 74
47 73 36
44 98 12
100 46 78
72 80 4
62 27 4
62 51 76
78 50 72
34 0 1
2 66 71
9 75 84
23 100 77
83 54 87
30 78 72
70 71 34
84 83 53
74 3 19
35 61 55
2 88 26
48 85 97
40 15 29
6 35 77
11 90 37
33 12 90
25 38 74
44 69 77
60 56 23
11 71 92
33 40 5
92 58 32
34 72 3
51 25 47
41 42 69
53 93 85
12 9 19
98 33 73
5 36 3
50 90 48
73 26 94
95 61 33
1 60 33
2 77 12
44 72 47
57 70 42
97 3 27
78 59 19
9 96 76
81 34 29
76 62 45
52 65 61
78 75 18
12 81 58
74 40 47
12 16 73
90 37 38
75 81 59
71 99 34
79 30 89
79 78 27
59 37 67
16 15 87
19 43 50
12 80 56
56 17 40
65 72 3
27 4 69
75 34 43
22 74 84
6 90 27
65 14 54
25 19 62
17 26 22
10 62 50
17 47 51
79 93 97
33 71 55
27 55 17
95 86 46
59 24 22
15 40 92
43 11 45
9 99 82
76 35 94
31 22 94
29 71 3
42 86 35
81 57 71
22 67 67
19 97 75
49 87 31
64 58 87
41 46 68
40 92 34
35 70 82
82 82 35
83 84 78
45 29 24
69 81 4
32 49 55
42 52 67
20 8 38
65 80 98
24 18 13
81 30 21
77 24 51
50 49 59
79 38 84
97 59 56
31 47 85
45 35 19
44 91 31
68 75 95
86 20 83
19 21 47
81 37 79
18 42 85
47 97 93
47 22 95
64 49 42
60 38 82
94 71 2
83 19 80
9 9 61
43 99 27
0 9 59
28 8 12
17 44 52
82 61 79
66 3 10
75 68 20
96 14 21
71 10 84
62 59 79
79 8 65
49 34 42
5 27 44
75 98 80
75 26 42
55 45 46
53 23 11
30 22 84
55 61 48
6 6 12
58 8 3
59 81 57
94 7 76
70 75 67
91 25 4
73 21 53
45 27 52
1 14 20
42 1 89
20 43 88
75 90 42
89 69 18
79 30 89
2 70 87
67 53 0
82 79 66
30 81 45
56 92 23
29 23 72
50 1 34
72 40 63
73 25 52
26 50 15
19 93 75
80 4 31
27 72 76
55 77 24
99 99 44
44 57 57
43 38 23
61 66 91
55 76 74
75 65 76
67 21 2
49 42 80
53 100 47
10 24 37
53 51 94
46 20 22
44 37 15
21 61 74
30 14 79
82 48 88
23 46 69
14 18 1
7 29 70
69 2 27
35 93 81
16 88 58
49 11 72
48 19 51
91 96 9
97 77 70
71 49 18
54 56 89
99 55 9
2 23 28
72 15 10
81 72 51
5 73 32
44 70 87
28 94 30
36 32 9
2 61 72
8 64 39
71 94 47
13 84 72
35 87 63
79 71 29
71 18 94
87 74 57
82 56 46
59 87 82
87 21 30
17 14 65
71 61 28
61 76 69
70 2 5
76 35 1
52 37 61
55 50 35
81 61 1
62 42 83
75 21 30
4 30 50
4 74 19
98 57 22
92 31 48
2 64 79
22 36 95
46 97 29
38 60 5
1 61 97
23 21 41
46 91 46
44 60 23
99 36 79
24 0 51
76 48 16
56 96 95
41 27 81
90 34 77
49 36 8
63 49 86
48 87 72
37 40 49
97 95 24
68 17 69
22 89 14
99 52 30
8 78 87
23 70 19
31 29 30
89 20 3
15 35 53
36 58 19
43 86 85
41 57 85
19 79 53
75 20 72
19 50 44
22 62 28
90 47 99
77 5 27
31 32 41
93 39 10
70 7 0
77 19 47
29 5 41
51 11 27
83 62 10
48 39 4
4 28 0
86 93 6
29 49 56
91 52 100
31 68 48
96 67 31
96 80 52
56 29 2
47 32 59
99 67 70
26 36 86
7 24 68
98 44 23
2 62 39
1 12 26
92 12 23
9 46 81
35 17 30
61 36 1
37 26 29
29 69 43
94 73 3
21 81 16
11 95 11
63 87 45
11 80 3
45 85 52
65 88 95
24 52 14
10 89 7
83 83 97
77 60 69
55 30 61
31 33 47
15 59 59
85 23 57
52 16 88
2 37 66
1 46 95
100 84 5
35 40 73
41 38 74
24 8 45
21 96 80
33 6 27
22 38 27
81 58 41
15 1 56
33 16 94
4 15 83
57 37 99
41 88 78
12 91 96
73 59 38
53 65 6
38 26 99
18 35 68
4 36 13
23 16 53
77 37 48
5 95 17
7 18 32
83 52 69
3 11 53
24 74 74
5 53 20
88 22 34
35 39 42
36 29 12
47 66 21
63 11 47
25 48 94
19 94 18
37 45 8
65 28 64
8 14 63
88 96 38
27 68 70
62 57 43
52 28 70
49 34 2
6 86 70
65 12 16
47 48 59
72 99 83
99 16 65
10 54 7
42 23 12
55 30 8
98 2 77
92 32 67
7 10 65
91 89 0
75 79 18
47 55 22
78 84 84
50 21 86
31 10 76
97 57 24
0 8 72
67 43 59
51 60 58
16 36 24
67 45 52
48 22 72
8 9 54
16 34 39
57 12 40
65 60 100
67 35 58
11 65 53
91 6 43
40 11 10
69 64 93
38 54 10
43 40 23
38 69 40
1 52 84
24 44 94
91 10 9
31 29 86
21 0 3
73 55 38
19 32 64
99 44 99
67 18 31
13 31 89
32 14 32
1 20 26
51 75 17
69 16 42
27 32 81
20 18 22
20 53 85
82 24 59
22 24 45
49 68 55
57 29 1
13 89 95
82 17 36
52 43 57
83 18 18
22 51 80
29 17 65
79 4 12
96 43 76
6 20 49
76 46 76
66 1 21
26 65 43
23 2 44
43 61 7
58 6 58
7 27 71
73 53 69
67 28 78
28 10 91
11 31 62
51 22 89
89 33 31
56 80 58
21 7 67
40 90 68
17 29 35
75 83 99
26 55 33
71 94 19
25 4 7
41 64 60
67 27 2
74 43 81
11 99 23
63 100 24
74 61 29
23 56 72
73 72 74
29 62 42
20 21 33
70 75 27
2 94 71
10 67 24
9 93 71
9 54 26
48 52 69
31 12 76
80 23 14
30 64 43
98 61 18
93 61 4
25 95 60
13 53 4
18 28 2
80 56 70
50 53 12
56 45 9
45 82 19
76 46 1
13 15 40
63 46 76
86 75 10
4 4 84
49 30 35
4 89 46
33 65 22
22 20 63
32 73 89
54 75 19
32 91 66
16 46 56
100 20 18
33 16 64
98 46 64
9 14 18
89 52 100
89 49 3
94 72 17
43 69 57
89 1 97
23 87 59
4 95 69
30 49 92
28 7 99
87 49 54
28 11 82
41 51 87
56 44 3
99 12 85
68 46 18
52 57 43
85 76 21
29 69 92
66 47 93
7 15 78
78 82 77
39 17 92
1 39 9
25 23 7
61 100 44
28 64 21
9 22 29
0 11 3
14 98 87
68 37 35
4 27 58
84 20 74
6 40 86
9 99 37
57 58 53
43 33 56
52 62 69
39 41 38
94 99 1
50 98 8
54 8 87
84 6 44
47 65 43
34 38 26
82 31 0
42 89 41
73 0 66
89 31 53
19 89 28
11 93 18
61 7 76
58 53 99
71 54 75
2 48 63
31 67 9
36 36 78
1 70 35
92 2 65
89 39 66
31 26 45
83 81 48
85 49 0
25 97 61
52 41 66
64 34 88
48 25 28
7 39 15
3 77 19
68 49 19
30 52 16
44 8 93
85 11 69
75 69 38
22 22 43
24 41 28
23 13 74
53 63 34
30 29 94
32 85 41
10 96 62
71 56 17
66 32 15
1 93 48
75 6 72
21 64 6
2 45 42
64 55 51
46 39 24
66 45 37
30 75 29
100 14 57
6 95 2
92 100 55
71 85 30
73 59 92
16 0 24
51 47 90
28 7 79
40 80 13
71 19 19
16 8 40
13 26 56
46 88 23
69 19 31
17 43 46
62 33 10
16 59 59
9 100 6
75 49 96
56 2 24
46 27 82
53 29 58
82 15 25
38 90 17
70 39 94
47 10 72
84 13 78
67 52 69
96 56 20
13 9 42
55 26 61
5 45 41
8 73 67
86 92 68
98 54 91
9 30 66
34 68 8
93 62 53
63 88 81
88 9 83
8 15 80
55 83 7
91 16 94
29 47 86
4 79 73
74 30 28
0 65 96
93 20 85
43 11 84
26 55 27
22 70 43
76 51 89
28 6 74
53 22 33
9 17 65
0 21 34
24 24 50
34 74 40
1 65 48
63 64 66
27 1 96
11 33 85
18 81 67
53 79 76
18 84 84
92 69 53
50 35 79
6 44 28
6 69 24
20 99 0
8 72 70
66 83 83
90 36 27
41 34 72
33 78 53
26 59 65
82 72 29
98 80 47
74 48 8
48 35 19
0 68 31
69 52 88
94 95 37
1 25 66
63 33 61
56 1 7
33 17 14
60 55 96
16 22 51
76 37 55
89 54 8
50 8 10
83 85 57
49 51 64
20 82 92
19 1 55
21 40 63
79 52 79
9 4 85
3 51 55
92 53 44
66 79 29
76 68 18
16 18 10
9 28 96
90 2 37
86 28 52
63 32 60
68 93 22
38 70 23
59 12 39
80 31 47
67 2 97
24 55 50
83 63 21
52 37 90
35 80 35
93 6 30
75 38 14
63 18 36
46 5 41
13 2 75
99 46 33
55 50 63
16 88 43
84 27 62
14 12 67
100 63 90
48 19 100
20 55 18
32 25 61
69 71 37
15 16 2
53 85 94
80 22 32
41 9 60
29 21 47
12 61 7
95 4 38
46 26 11
95 38 43
77 42 19
87 18 50
81 99 18
37 69 61
11 30 70
38 19 97
52 11 36
1 53 33
33 15 81
32 96 58
76 69 83
80 29 58
81 74 6
92 91 54
54 1 53
68 85 85
5 79 97
1 52 16
58 71 42
20 52 11
98 53 10
72 63 57
16 69 19
61 34 54
86 76 85
14 8 88
53 3 44
46 85 71
23 30 69
54 45 84
53 94 26
36 15 17
62 62 30
98 3 83
18 75 3
17 47 82
71 2 95
45 6 8
96 44 36
29 65 97
62 30 29
49 28 84
61 62 64
1 18 97
2 0 70
14 28 16
33 55 24
4 11 83
79 63 9
56 56 40
51 60 63
53 55 87
80 66 57
91 10 40
30 90 88
41 39 24
82 95 73
89 89 19
83 22 40
49 99 49
69 49 43
3 46 5
6 35 52
10 62 42
69 62 34
28 59 99
61 68 34
59 31 88
59 1 99
14 98 55
12 42 0
2 16 81
87 77 27
43 70 9
60 37 0
62 11 44
21 80 33
49 70 80
87 51 44
64 22 61
78 46 91
41 19 3
2 53 52
50 100 49
86 62 88
48 49 1
87 73 55
67 60 31
29 9 11
57 8 85
5 67 71
76 14 62
47 42 32
9 77 63
56 62 20
50 35 3
30 14 44
13 69 37
35 97 34
65 83 30
98 32 19
84 97 10
69 73 0
76 44 20
29 7 2
20 33 92
82 35 48
17 27 58
87 26 32
90 72 30
75 53 7
84 37 71
60 48 56
9 72 78
41 12 54
86 94 93
80 68 78
56 20 34
86 47 61
64 54 50
97 55 86
78 49 36
11 17 35
30 64 85
57 83 18
8 51 0
74 60 76
68 55 49
15 1 100
49 98 88
26 98 16
61 90 56
53 87 59
67 82 29
11 29 87
1 46 78
95 54 69
35 99 32
53 55 80
44 43 18
36 97 95
66 61 43
51 29 64
75 74 53
39 85 0
31 57 100
66 1 9
4 49 92
18 12 85
37 80 44
19 34 68
28 44 4
9 6 11
13 59 72
4 3 53
22 80 19
78 17 19
57 41 47
38 22 0
25 16 71
95 0 86
66 45 61
20 62 42
76 98 69
71 32 32
52 86 39
66 94 24
6 66 92
85 75 85
0 52 13
89 76 89
70 72 45
13 42 88
24 11 30
36 85 46
15 20 52
56 83 56
78 77 82
65 54 57
8 14 88
63 29 92
51 98 10
50 79 100
70 85 20
76 59 46
28 36 26
23 43 76
51 33 88
3 25 93
11 78 32
81 6 7
94 35 9
21 59 2
22 51 31
20 8 34
17 89 6
14 10 44
60 3 69
98 98 45
40 26 18
58 51 66
75 46 66
31 24 86
14 74 69
83 85 99
0 12 8
56 13 56
87 92 60
76 49 90
12 4 29
41 5 75
14 36 17
51 84 71
14 33 23
42 87 100
12 36 25
61 24 21
76 1 57
46 27 48
99 9 85
7 44 15
78 50 56
99 93 32
31 46 63
16 45 52
53 62 78
43 12 79
89 15 77
67 83 80
25 85 58
48 53 68
0 11 59
98 91 90
77 29 56
11 53 61
74 59 57
98 23 54
45 52 48
49 79 53
94 25 27
31 17 39
13 90 29
55 28 42
18 60 31
38 15 22
93 16 44
30 30 42
81 3 51
10 63 0
27 14 39
84 71 16
92 61 98
67 2 4
5 61 89
96 6 24
38 2 34
27 10 50
54 90 18
38 66 36
25 31 83
86 95 6
78 70 33
98 17 18
97 95 76
100 38 31
73 70 29
90 29 6
53 79 46
44 85 60
44 35 6
47 75 33
45 20 50
15 57 44
92 64 27
85 29 74
42 85 100
58 52 79
21 81 22
72 44 11
84 17 20
41 47 88
100 70 14
62 34 63
97 54 82
51 47 12
7 61 45
15 70 73
42 91 15
58 76 16
22 55 47
96 28 89
12 26 38
95 26 27
58 42 49
8 74 40
77 85 63
57 49 97
31 76 93
15 18 64
76 27 12
86 17 59
9 71 95
14 90 6
32 52 86
57 51 2
31 67 93
50 11 46
22 24 80
49 39 12
2 74 4
86 83 62
85 80 71
81 73 18
55 43 74
77 61 88
99 51 60
31 22 27
93 71 23
94 67 8
71 45 13
96 42 28
60 31 7
81 4 93
13 61 81
89 63 25
43 58 60
20 53 100
24 8 89
33 62 80
9 33 20
49 29 63
18 9 96
93 56 29
23 79 72
45 77 97
35 58 23
43 18 83
52 89 30
89 63 11
63 73 61
39 98 17
78 89 35
92 96 31
64 83 86
84 75 2
73 77 85
60 39 9
4 100 37
59 12 51
83 0 79
32 60 1
25 36 83
38 47 78
71 55 35
45 39 24
87 8 30
86 31 20
81 1 5
53 92 46
2 69 54
18 51 33
39 24 32
28 99 28
90 98 66
6 55 62
1 28 91
66 79 64
71 7 83
41 48 88
28 73 94
95 2 40
16 95 50
4 22 40
55 90 63
11 81 68
59 41 97
74 0 48
10 18 79
23 84 56
41 100 57
43 69 88
23 31 37
86 61 36
30 49 70
11 85 46
4 60 45
86 21 9
23 69 89
21 36 55
41 17 66
78 33 30
46 17 75
26 4 24
85 95 43
19 6 29
35 37 69
51 40 67
30 56 93
84 61 70
4 34 60
76 8 91
43 39 72
67 16 69
27 23 30
70 54 78
83 42 75
50 12 34
75 100 50
45 34 68
97 98 98
71 80 40
28 51 30
32 79 24
40 58 70
28 60 20
56 48 89
7 89 98
14 99 1
98 68 76
65 9 25
50 54 67
34 38 65
32 30 83
78 9 15
86 90 21
25 86 3
60 31 98
48 97 81
7 29 48
21 59 2
0 97 15
24 48 9
10 95 80
77 34 90
15 35 62
19 63 56
49 79 49
16 16 47
92 4 32
91 12 25
15 40 45
5 54 98
64 1 40
65 81 35
86 46 14
99 67 85
17 54 76
100 45 93
93 25 44
1 79 45
97 50 100
86 12 47
48 83 73
36 23 100
34 23 4
3 36 41
92 57 66
75 18 97
4 22 85
3 59 98
37 98 21
23 25 89
41 35 99
80 17 47
66 25 45
5 52 21
55 19 50
65 28 30
5 88 70
98 94 93
43 72 5
84 17 62
16 40 64
16 77 49
34 16 9
55 83 90
77 64 3
17 71 38
2 90 50
16 57 90
97 22 42
82 15 68
9 12 48
42 96 28
20 18 70
50 37 21
50 93 67
0 91 9
12 24 88
77 50 58
52 42 60
66 88 99
60 69 22
52 11 49
10 19 17
88 93 20
30 56 78
16 0 17
58 97 81
73 18 56
47 29 18
60 16 73
7 56 94
1 9 3
50 4 70
54 48 36
62 39 63
82 79 78
5 84 33
11 15 53
0 62 17
73 90 93
67 97 19
60 73 40
8 57 24
38 24 12
68 93 92
14 86 66
16 95 65
88 59 92
96 46 88
95 62 100
60 70 15
93 3 90
31 69 67
5 89 50
5 40 7
66 82 6
75 56 29
89 90 80
11 97 81
41 99 76
20 88 26
35 84 15
20 44 50
8 7 52
99 17 6
88 61 13
38 55 38
77 58 80
7 62 52
5 30 26
20 89 6
8 85 62
43 22 62
46 42 38
26 40 33
71 13 38
93 11 95
39 62 58
2 91 51
57 15 7
47 46 12
63 27 82
57 83 1
33 9 97
10 25 66
52 76 0
94 99 48
18 29 5
28 74 65
19 100 90
3 19 35
94 52 8
29 74 91
51 100 66
88 60 39
80 70 86
1 42 79
64 57 37
59 47 44
51 23 30
97 43 17
64 91 8
9 93 30
19 1 16
53 82 13
52 47 1
66 5 41
13 20 11
45 66 87
54 34 59
17 24 60
83 99 79
53 75 79
8 46 91
60 42 74
17 22 31
49 70 53
36 49 96
44 26 85
47 38 42
100 41 8
34 46 17
27 79 22
72 25 3
14 78 15
59 22 81
64 19 8
62 30 13
81 25 62
45 47 43
34 42 12
51 3 44
4 46 97
75 16 68
39 76 12
16 76 64
77 55 22
91 50 35
76 94 37
34 86 62
68 56 86
18 55 78
5 72 40
72 23 29
0 59 7
72 51 71
15 67 9
20 26 72
88 25 42
46 100 30
84 8 78
69 34 77
55 12 86
23 82 73
100 46 53
24 52 30
18 4 44
78 28 88
27 73 63
2 41 76
15 24 19
82 91 5
75 7 93
28 54 31
53 8 50
6 70 84
14 32 47
34 36 74
36 59 92
26 39 20
63 63 56
6 76 46
36 92 59
27 22 49
21 15 21
68 50 74
29 12 77
29 70 91
1 34 3
43 33 34
72 29 40
20 76 70
44 35 54
14 17 74
0 69 81
91 39 24
73 76 43
21 76 28
63 48 12
8 95 71
35 9 43
19 44 75
65 90 45
56 71 0
53 85 67
14 28 1
97 55 74
85 32 63
79 92 10
56 25 73
49 94 86
78 93 17
92 39 50
11 14 12
88 9 54
44 35 9
41 60 88
76 47 44
20 12 67
72 87 67
81 45 84
4 21 45
39 21 33
37 74 95
81 90 26
41 50 12
97 15 35
61 74 94
70 11 56
83 54 32
44 64 79
34 57 31
41 7 95
57 73 13
16 85 18
42 94 28
52 70 53
17 32 14
54 87 2
40 69 0
1 33 93
44 24 67
78 25 82
13 56 95
43 5 95
35 48 54
48 26 42
11 66 19
35 2 9
54 28 17
82 63 73
36 1 39
4 4 26
30 42 26
60 20 33
13 61 96
85 31 18
7 73 4
30 81 51
42 49 23
27 33 3
63 83 88
21 8 41
62 9 24
18 52 39
48 52 43
99 12 36
41 74 94
47 87 30
66 16 84
19 63 82
4 46 31
41 56 95
9 90 89
33 47 5
46 83 53
100 75 22
15 10 25
38 95 43
45 44 0
26 89 10
79 84 16
3 50 47
6 69 65
38 87 100
54 58 12
79 28 44
20 47 82
16 14 21
86 99 22
59 90 44
68 82 19
74 12 30
67 59 20
72 87 17
66 47 90
80 35 29
8 68 17
93 96 9
90 90 68
97 59 66
42 55 76
5 48 59
1 35 34
26 24 44
87 53 6
18 44 94
6 80 30
1 45 49
9 29 38
81 14 46
94 32 41
73 0 98
50 24 25
90 97 3
27 95 55
65 81 17
1 68 18
6 26 94
9 72 15
98 42 43
18 93 100
6 64 19
96 95 6
5 3 86
5 17 39
7 4 78
16 95 68
17 13 14
68 83 35
80 88 95
25 46 40
48 40 80
44 62 11
44 64 55
82 18 72
91 8 52
81 22 91
25 59 44
13 16 100
92 11 1
24 76 85
31 44 76
77 90 34
0 97 92
26 36 30
11 23 41
45 7 95
9 43 56
63 75 39
12 10 59
85 9 33
48 94 28
63 21 100
14 78 8
63 78 19
23 72 55
25 3 19
45 73 59
81 8 13
15 65 84
14 65 70
68 5 18
91 9 10
6 38 77
36 96 4
32 11 36
63 26 7
35 57 84
0 10 83
64 71 12
91 72 83
83 13 46
46 75 81
53 57 94
37 51 52
40 30 94
67 55 50
55 59 2
39 73 79
58 35 54
2 18 97
58 66 27
34 1 39
50 88 76
88 30 3
13 15 48
78 13 98
42 31 38
21 23 19
78 3 91
35 16 96
72 30 97
47 27 13
89 5 100
30 44 37
50 19 58
3 7 25
8 75 80
43 60 18
41 68 75
9 22 90
54 83 56
63 20 81
35 4 37
65 35 68
99 49 40
56 68 15
36 60 63
70 75 33
42 90 61
63 92 65
9 85 27
41 36 79
9 39 82
11 8 96
8 89 14
22 39 97
83 44 73
97 9 73
79 88 58
68 75 21
73 0 25
10 4 7
87 13 23
83 21 32
45 70 37
47 76 61
46 78 82
82 94 39
51 61 71
46 78 97
25 61 88
11 96 62
56 24 47
60 60 43
81 8 35
41 20 84
66 87 39
28 63 69
66 64 82
24 69 63
55 34 7
72 35 30
81 37 67
14 8 13
66 21 95
80 76 21
99 97 40
6 75 52
81 10 79
7 22 100
51 83 42
75 58 88
64 39 10
17 16 33
87 14 4
4 57 37
94 4 9
80 43 14
87 62 43
25 46 35
83 91 4
35 30 58
100 76 52
55 86 9
71 48 15
57 35 99
80 63 32
47 77 3
92 41 3
38 0 15
59 16 62
100 58 68
100 86 88
98 77 3
17 5 13
82 69 95
18 8 8
73 79 65
41 6 16
67 95 48
81 88 76
29 63 81
6 38 20
57 8 6
43 84 16
5 88 97
21 91 64
57 77 44
33 96 78
81 33 63
55 81 25
67 68 70
31 90 82
24 48 22
42 45 24
59 83 33
99 46 38
44 60 24
83 20 28
25 20 72
26 28 73
88 9 28
54 23 70
24 68 48
49 13 66
45 60 93
96 3 66
95 92 56
75 54 0
4 84 29
40 33 80
14 79 78
92 60 31
12 4 69
82 33 1
96 67 35
52 91 50
95 91 19
89 13 23
51 75 71
30 43 4
95 0 68
64 25 63
78 76 26
3 86 58
84 10 80
81 93 74
56 69 6
50 20 63
91 30 33
38 88 69
66 81 84
0 56 9
11 73 95
42 43 52
38 70 83
94 13 92
23 7 64
5 75 2
40 49 86
66 3 88
82 81 76
35 10 33
91 9 23
26 4 4
12 87 36
69 20 12
77 6 24
77 87 55
11 77 98
13 11 0
59 91 24
93 39 0
36 49 79
55 76 49
62 56 36
21 39 50
78 41 75
54 37 84
81 72 20
92 56 39
36 44 18
40 45 90
38 11 61
90 3 37
58 32 2
78 67 85
41 59 78
3 20 0
30 34 98
70 17 50
10 40 78
81 60 6
11 97 49
89 38 64
4 74 15
21 82 35
43 89 6
77 6 100
79 62 79
86 91 99
96 80 37
97 40 14
20 53 29
97 90 88
100 49 72
0 5 9
29 34 76
42 98 44
36 34 26
94 74 31
61 25 57
86 75 75
69 58 75
56 43 18
17 37 64
78 83 81
14 46 23
69 78 41
59 58 18
60 23 63
66 38 76
83 44 81
64 46 84
45 18 46
97 38 38
46 8 57
9 82 99
37 5 11
64 9 39
31 13 27
60 47 43
5 22 40
37 25 49
79 44 20
33 42 55
90 93 5
36 67 82
30 23 52
13 34 70
15 71 50
76 1 7
80 91 35
2 38 57
38 9 35
21 30 37
54 74 30
11 49 77
78 23 67
92 17 29
43 85 79
76 56 48
74 61 60
92 37 74
8 38 72
64 62 21
43 45 18
60 61 60
42 62 94
1 13 9
7 29 22
38 0 83
43 77 38
11 33 41
52 6 65
53 94 24
36 74 18
65 39 76
29 16 95
16 89 22
63 17 56
50 64 71
93 100 80
19 40 18
49 25 57
7 40 63
51 75 47
31 32 15
4 16 49
55 68 51
55 100 49
81 64 6
10 55 79
87 2 69
66 73 4
13 58 45
47 40 35
9 37 17
82 83 59
55 20 29
51 18 99
75 32 87
33 42 15
78 80 25
98 59 80
33 31 67
93 13 94
55 97 55
69 46 60
43 5 54
71 40 53
39 97 46
45 37 33
44 41 82
61 57 18
44 78 63
43 92 68
19 37 66
81 68 92
95 43 15
49 3 0
84 25 78
76 34 73
87 17 69
76 80 36
4 39 30
41 3 82
42 24 95
66 4 31
36 18 39
41 48 97
99 90 91
57 46 36
25 43 27
26 34 65
49 57 87
81 23 89
44 50 95
83 28 84
9 18 50
69 83 41
19 4 70
97 36 84
11 96 95
24 99 34
61 70 17
11 31 27
79 74 12
14 42 9
56 37 58
54 53 55
97 6 45
74 42 90
29 20 58
42 51 95
6 1 28
7 42 72
52 9 30
59 99 7
34 21 3
93 0 9
25 5 63
24 46 96
3 97 2
49 37 38
32 47 76
85 1 37
71 25 96
37 48 64
72 38 22
27 72 16
76 86 99
55 41 51
91 48 4
2 2 0
54 83 2
53 79 24
46 52 90
27 58 61
53 28 53
20 33 94
1 43 36
23 31 37
39 46 79
82 81 25
86 38 89
4 79 76
7 7 71
71 30 64
70 36 21
5 97 54
4 61 2
59 65 82
27 72 18
93 87 46
96 75 78
43 99 94
89 2 68
60 51 97
60 54 0
83 22 67
64 1 75
33 79 21
83 16 22
79 58 24
38 96 75
20 64 79
20 38 84
38 22 45
34 26 60
50 20 12
43 17 85
45 45 56
45 3 42
11 74 39
3 37 42
90 96 65
25 17 77
72 4 48
81 88 36
64 99 27
65 3 52
93 60 86
15 75 1
8 51 35
67 14 75
43 81 17
81 24 91
31 94 31
90 4 67
0 59 38
95 96 100
65 8 93
60 69 56
30 76 85
42 26 39
75 31 89
41 42 25
87 65 95
82 5 57
4 32 33
43 48 47
89 3 85
83 44 65
36 3 2
100 56 35
66 19 79
95 21 50
47 90 55
71 81 69
19 4 32
41 96 95
68 50 92
49 84 82
46 20 3
33 47 15
87 13 65
19 41 69
78 0 28
45 40 51
45 60 34
54 36 12
40 98 44
31 95 13
61 39 100
64 100 40
21 91 54
29 63 55
70 69 29
96 41 20
71 81 96
55 81 64
77 25 39
35 97 62
67 7 30
57 59 78
50 17 9
79 46 51
32 12 76
57 33 10
88 10 35
51 5 79
97 15 32
99 42 13
29 81 54
14 45 18
15 48 31
26 28 26
56 87 11
25 90 17
88 95 65
89 41 4
96 86 12
4 45 5
8 2 27
10 75 81
94 89 61
30 3 37
32 69 44
6 59 59
57 41 57
80 25 99
47 63 61
2 39 52
98 89 94
69 5 86
57 11 81
48 83 8
65 53 64
83 7 97
55 85 62
90 30 10
90 32 3
100 8 0
29 22 31
7 56 78
3 19 25
99 54 61
65 68 32
8 62 18
80 10 48
1 20 64
12 96 93
60 35 32
30 37 2
91 55 48
49 84 86
93 30 50
97 5 32
76 34 27
47 88 6
56 20 99
25 95 40
61 32 43
69 90 57
47 92 89
7 23 28
35 51 67
66 8 64
47 82 69
42 91 36
97 10 26
32 76 60
97 9 29
92 74 94
3 7 55
4 52 92
81 64 53
66 90 55
22 60 79
38 67 2
55 15 71
23 34 12
13 8 31
27 58 86
8 3 20
76 88 96
16 92 91
72 40 36
69 57 75
24 17 84
9 42 70
100 86 72
100 57 76
97 71 40
87 1 86
73 65 92
2 63 49
52 31 14
62 20 3
93 97 58
43 37 29
77 12 10
46 40 42
90 36 35
29 0 38
91 50 30
24 56 86
89 9 15
93 98 49
18 51 50
95 83 34
39 20 65
87 48 86
22 82 18
8 97 69
22 10 12
32 72 22
99 15 22
60 76 99
60 85 6
49 65 44
16 44 5
63 18 95
99 3 54
72 78 22
63 3 76
9 96 72
40 73 78
54 93 75
91 98 78
11 11 95
51 19 63
62 88 14
44 93 95
1 4 4
63 53 69
41 16 44
95 7 43
90 68 19
49 71 37
93 2 93
55 96 85
7 9 75
52 8 91
26 45 23
17 31 38
23 54 50
67 23 63
43 37 50
28 37 14
97 30 70
20 12 72
30 69 39
40 86 52
73 65 24
17 84 12
88 63 71
8 2 80
48 7 39
89 65 99
63 21 79
54 65 27
54 52 75
78 79 76
12 19 79
1 88 67
60 28 20
74 84 87
44 92 46
63 76 51
76 81 5
5 78 18
61 39 34
6 68 60
23 42 82
72 69 5
44 27 57
47 88 39
88 7 72
34 63 36
33 42 29
3 59 40
32 67 20
72 99 68
85 95 77
98 88 66
55 54 93
18 61 64
86 97 21
98 30 65
96 37 14
50 32 82
65 38 75
49 34 29
23 93 18
71 68 99
26 45 34
42 43 19
32 72 42
99 53 100
29 13 80
66 100 22
38 0 64
19 26 69
54 12 83
71 45 3
49 62 11
23 32 53
71 52 78
24 60 20
67 77 13
77 63 14
75 100 12
29 67 25
83 93 98
3 42 55
2 16 10
30 34 39
62 27 3
53 40 86
44 7 48
87 82 58
43 2 8
39 76 29
28 69 3
66 17 86
15 99 9
61 84 16
5 67 4
51 54 67
31 85 83
94 34 80
71 89 26
32 78 13
94 16 63
35 17 52
55 45 4
95 84 97
75 67 36
42 40 78
39 57 54
49 68 43
18 39 23
18 93 25
54 71 9
46 52 21
69 60 22
87 12 70
63 34 83
12 0 97
92 97 66
81 49 25
51 52 22
58 44 69
52 13 98
69 49 85
35 62 63
42 100 3
5 58 15
40 38 34
89 58 27
27 95 99
94 22 59
90 61 69
66 8 50
51 26 89
70 17 15
11 88 97
16 58 49
50 48 7
79 78 17
44 74 82
14 2 77
96 59 58
35 28 87
6 82 67
5 28 31
78 28 6
35 67 7
6 58 35
47 27 88
32 86 81
37 98 33
50 55 50
34 31 46
16 43 18
0 25 31
48 2 9
19 62 9
86 36 22
4 33 83
80 19 53
82 36 57
15 75 23
73 28 33
24 43 0
38 53 47
12 75 45
53 19 40
43 85 95
84 90 55
89 35 11
36 74 33
49 37 28
36 0 58
93 82 51
2 74 12
90 62 29
21 49 15
94 1 70
41 63 65
59 67 75
98 68 99
83 16 100
71 80 7
42 35 37
88 64 76
60 81 85
34 86 61
30 26 9
12 77 80
37 82 43
60 94 72
97 2 40
73 50 15
87 53 24
23 41 70
65 31 19
47 16 66
65 21 82
12 75 10
13 8 21
13 80 98
55 66 14
64 83 53
25 48 35
45 86 73
75 55 69
42 16 80
69 54 26
73 23 71
20 83 28
3 29 55
80 81 0
58 8 66
81 51 92
98 32 61
59 7 27
45 10 25
23 78 41
0 34 28
62 47 74
39 10 58
21 4 2
21 39 93
25 26 69
76 77 82
48 23 38
80 58 81
92 29 44
9 53 87
27 78 93
5 81 96
70 12 44
45 25 100
61 22 89
40 68 4
30 29 82
61 73 46
88 11 50
65 54 91
87 52 21
14 46 4
33 5 9
53 53 11
62 94 68
64 69 1
35 45 59
31 86 32
78 9 43
95 62 38
21 8 18
74 68 89
91 2 71
95 45 10
7 2 26
20 93 9
67 0 22
28 24 8
100 16 85
82 52 39
66 94 38
35 88 86
10 16 61
29 30 18
36 46 54
41 85 54
23 9 21
79 38 48
58 92 4
75 57 38
69 42 66
77 24 100
25 29 31
23 23 97
43 40 68
47 66 88
9 54 4
8 74 43
69 96 66
62 10 57
25 53 59
74 41 12
48 21 14
29 66 36
46 13 93
53 2 36
25 28 45
81 91 70
37 96 80
4 45 46
95 52 10
79 4 17
60 34 67
45 65 72
36 20 28
69 58 54
95 13 34
47 27 21
72 81 23
86 51 31
73 64 42
23 25 58
95 62 50
63 19 2
68 27 37
3 9 41
88 59 27
88 39 65
22 3 69
33 17 74
5 29 22
15 91 78
87 38 56
91 54 17
23 18 55
25 9 76
85 80 93
15 81 40
62 92 38
2 97 0
88 16 53
80 5 73
8 45 73
51 86 36
19 13 9
11 82 90
44 87 62
5 95 88
9 23 38
76 71 66
72 25 89
47 12 64
9 19 3
47 4 81
64 46 24
98 14 45
90 36 87
96 29 87
37 16 82
60 99 59
0 40 20
37 29 57
87 74 74
12 34 23
70 26 25
63 42 80
72 63 33
65 83 18
61 15 12
18 18 6
6 76 16
38 85 11
17 70 81
92 76 24
67 46 44
20 68 64
12 91 63
7 14 35
75 99 43
53 28 75
3 76 21
77 3 92
38 68 11
50 17 87
12 68 90
34 28 56
12 71 49
7 99 99
14 37 64
38 53 12
1 59 49
94 9 91
27 57 77
12 76 3
52 81 70
19 19 1
43 67 65
61 27 84
73 11 56
22 93 6
70 83 34
43 17 56
19 31 56
28 100 79
74 78 80
32 98 63
92 95 32
35 62 84
79 21 66
52 6 24
71 24 46
5 26 20
89 86 97
25 58 76
40 83 69
99 66 72
12 56 69
75 83 87
68 5 87
51 28 48
11 69 77
35 22 51
57 66 61
2 25 48
84 71 1
18 3 63
59 62 52
26 37 88
67 71 69
21 67 97
67 97 69
39 63 56
16 1 59
45 89 99
6 10 5
97 25 5
94 54 76
63 42 39
40 57 49
17 23 11
69 28 18
12 6 35
45 3 21
18 61 40
72 57 81
9 28 48
65 20 49
77 93 66
7 44 14
74 89 37
72 55 45
70 87 11
42 31 82
88 23 97
86 12 76
99 61 46
4 23 41
40 95 17
66 87 7
28 5 40
47 50 22
95 89 88
8 90 18
17 53 75
80 71 75
12 8 39
88 36 66
12 0 75
19 13 45
97 10 0
49 13 87
30 13 80
16 27 91
84 77 69
1 2 94
13 37 77
5 55 17
10 76 29
0 26 23
58 81 92
95 28 12
59 94 52
68 47 84
95 71 37
72 13 62
36 59 67
80 63 63
67 67 23
66 22 33
46 0 99
90 5 15
43 9 41
39 21 24
24 34 37
85 10 75
29 24 69
59 29 11
35 36 74
87 1 52
81 21 94
25 32 61
0 20 80
38 14 61
21 70 69
11 35 98
24 25 75
27 90 53
17 78 52
44 90 26
77 10 7
81 38 20
42 60 87
23 18 98
42 65 65
57 84 95
61 58 50
89 6 77
88 90 38
83 61 18
6 39 54
84 18 16
24 79 62
4 13 16
94 62 53
87 47 19
78 81 42
79 11 92
1 74 9
71 26 73
21 77 35
41 58 2
89 36 52
37 19 86
79 19 83
3 12 48
39 4 61
27 61 72
66 87 25
86 0 64
93 28 14
24 76 11
40 56 99
79 26 49
100 5 93
87 60 72
11 79 5
14 21 15
74 39 45
53 63 69
89 21 44
62 45 64
27 66 16
74 25 57
37 50 8
1 79 13
25 87 64
28 35 79
92 86 70
40 85 80
79 47 97
11 48 51
67 5 76
47 11 0
69 34 63
83 55 51
62 26 99
81 27 3
2 38 41
4 40 88
1 31 55
81 88 67
24 49 92
84 86 79
100 82 63
34 13 76
1 88 100
17 25 86
72 78 35
57 30 48
40 19 56
58 23 28
9 44 45
18 100 35
44 40 3
48 98 67
36 21 47
16 37 44
89 91 31
48 55 66
85 55 99
24 67 17
16 92 4
34 7 65
73 33 70
45 98 94
3 48 9
22 11 27
3 77 45
98 40 41
44 22 84
42 88 94
53 65 18
93 60 51
72 67 82
66 84 34
91 27 44
92 85 6
90 21 97
59 67 60
76 41 11
6 98 13
47 83 70
48 46 59
88 23 59
35 45 80
8 88 41
73 100 15
88 45 39
100 39 62
70 24 5
89 77 68
100 52 68
84 21 22
97 47 99
76 27 69
85 64 10
94 8 5
98 61 54
24 62 30
40 51 84
49 67 55
11 28 80
31 76 39
7 7 21
85 98 54
92 95 62
46 80 48
62 80 30
9 91 58
76 70 21
25 4 61
65 28 67
55 21 95
30 88 27
43 22 67
44 55 17
78 82 38
74 96 16
28 91 76
93 85 21
3 80 29
35 91 35
18 76 51
2 99 27
92 70 13
5 45 46
27 83 98
66 11 30
62 51 18
4 87 99
90 84 34
18 43 29
66 5 66
63 33 11
10 82 88
93 94 49
11 48 15
15 56 36
52 11 99
57 54 93
35 14 4
17 32 72
100 40 70
8 34 87
39 71 20
4 100 76
37 58 72
79 90 22
0 58 42
94 87 74
78 88 49
12 11 94
52 50 97
40 47 34
64 15 78
56 30 57
88 1 32
40 6 16
19 59 34
11 98 64
24 100 53
57 62 55
78 2 72
37 52 58
17 44 95
17 15 32
55 40 95
58 15 32
98 7 98
38 86 45
97 83 13
30 51 47
100 19 60
65 22 91
92 1 69
55 37 45
26 16 55
34 71 50
47 63 86
62 70 77
86 58 72
7 72 50
52 98 21
23 63 65
13 29 64
92 65 58
41 77 30
64 75 35
35 53 7
69 13 27
83 68 63
35 11 13
12 90 76
36 37 18
87 56 33
50 44 13
97 17 1
64 79 15
7 9 96
38 57 41
70 7 81
7 62 40
1 37 90
73 89 93
69 61 49
47 20 82
23 84 1
10 48 96
12 11 67
16 51 60
48 82 0
43 20 10
92 58 65
9 27 84
8 41 43
21 13 6
60 23 33
32 99 55
61 30 87
93 84 54
91 12 62
17 83 10
31 1 82
93 76 41
59 68 42
16 90 7
2 61 56
3 78 97
100 86 1
15 99 64
71 41 62
60 82 34
56 28 34
59 57 100
77 85 29
46 89 30
89 43 67
89 81 82
40 32 79
86 3 43
68 54 16
30 29 90
8 30 1
99 58 11
72 70 73
8 45 72
5 91 32
77 16 11
47 96 42
81 26 100
92 48 48
65 13 79
91 44 62
38 36 77
2 89 6
91 8 92
58 95 72
48 7 78
74 20 61
1 25 38
22 70 50
20 70 16
28 0 35
36 93 53
1 61 19
68 29 94
24 5 89
91 84 28
88 49 34
12 91 55
17 46 60
94 35 12
20 70 53
15 65 43
85 70 97
40 10 79
62 42 71
27 52 2
38 15 52
17 21 80
6 23 19
8 71 35
82 7 95
29 21 86
64 49 84
28 72 65
49 15 95
50 97 42
27 3 17
20 6 99
25 0 1
40 30 23
25 0 100
76 52 67
74 89 72
43 12 85
6 23 46
85 6 50
7 85 73
74 68 15
71 54 86
59 73 45
84 54 4
93 52 47
55 39 89
22 28 20
85 98 19
37 10 41
18 25 18
2 81 81
15 81 26
50 85 87
98 10 55
76 7 99
82 100 59
14 22 9
8 21 75
68 50 46
34 3 21
24 16 63
64 39 64
27 69 18
43 96 58
86 69 96
89 71 89
14 94 14
44 20 17
85 16 53
32 50 13
69 41 45
9 97 25
87 93 47
96 69 80
80 11 53
52 74 90
1 43 0
62 15 10
60 60 78
18 38 53
96 4 15
91 40 85
86 83 44
73 19 49
97 28 3
37 6 72
67 9 37
78 95 81
86 5 11
58 44 49
38 76 52
4 1 63
85 28 60
48 48 17
39 6 25
49 47 46
84 0 69
19 63 23
49 32 5
16 47 88
0 2 74
85 17 25
12 84 56
31 74 57
0 55 77
29 53 46
40 80 85
45 37 60
30 80 76
86 9 57
77 84 8
15 93 0
1 98 11
54 8 43
96 98 45
57 44 3
37 84 79
33 41 41
26 33 25
73 77 52
22 45 54
83 52 51
91 37 5
19 37 10
92 12 45
5 60 15
22 86 61
9 89 18
6 19 71
16 29 20
50 13 45
65 44 2
44 93 98
98 42 21
31 27 9
9 53 68
12 23 32
89 45 37
79 100 3
16 15 96
47 25 78
32 43 82
54 78 73
39 92 7
68 97 75
32 92 73
55 16 85
98 38 87
87 75 81
20 49 83
24 93 16
49 35 88
26 33 70
90 89 32
92 77 0
21 65 100
64 0 50
19 49 45
19 9 63
99 8 7
50 46 0
59 80 39
4 14 27
62 12 96
61 44 70
49 86 42
59 31 100
26 63 0
89 67 52
13 77 9
89 28 8
26 87 47
22 67 81
78 69 45
52 47 27
16 88 95
30 66 88
59 83 95
56 63 65
24 77 70
78 52 71
35 75 49
64 37 3
78 3 83
96 32 5
8 73 75
18 33 64
7 5 97
24 50 45
34 73 26
34 85 93
23 3 25
91 3 99
6 51 81
67 18 63
6 79 46
55 23 69
78 80 81
39 70 91
56 43 17
89 73 33
82 69 12
78 25 13
22 73 80
31 71 6
31 80 41
96 67 38
76 4 23
38 30 34
64 71 59
18 19 36
63 49 53
28 55 46
73 94 10
10 21 90
49 64 37
39 37 22
7 30 27
9 90 84
2 63 53
43 95 4
5 90 40
84 54 22
37 12 22
74 16 92
54 82 83
94 98 41
80 6 47
76 34 10
80 83 2
77 41 83
34 86 17
39 13 99
51 81 50
81 55 34
5 71 47
82 100 13
29 56 40
29 93 99
10 68 75
46 28 68
66 33 84
47 6 64
37 11 67
21 6 96
74 78 60
52 32 61
72 57 51
46 70 36
34 51 8
70 78 94
54 78 95
93 8 83
81 72 59
43 75 19
42 92 72
85 23 19
79 33 56
24 73 35
20 13 9
33 59 56
66 41 95
100 13 46
60 23 38
81 48 31
15 64 100
20 3 22
60 96 33
9 92 62
9 75 1
34 81 37
76 83 26
9 44 2
98 30 67
47 91 90
55 26 43
37 52 1
5 74 5
12 75 71
63 82 29
76 56 94
29 92 7
79 8 29
70 1 47
91 99 67
90 62 3
24 15 21
88 76 53
72 23 23
94 18 78
87 12 96
47 70 86
72 77 5
36 86 76
40 68 30
19 54 40
2 67 69
49 3 18
2 18 100
40 38 7
28 12 26
13 31 93
97 70 97
59 37 78
77 33 19
97 68 10
96 84 85
34 100 71
8 30 79
26 83 78
8 20 66
98 16 0
80 22 95
0 24 94
12 51 87
38 69 85
16 99 53
98 17 71
62 84 42
15 71 100
14 3 69
92 83 40
48 20 31
37 56 2
7 72 94
18 58 57
54 25 68
51 61 20
7 47 77
50 20 75
3 49 80
99 29 70
25 19 51
97 88 25
82 12 12
67 99 78
20 96 58
11 89 8
79 49 56
23 90 88
66 59 37
21 33 25
2 10 63
71 66 87
23 67 57
4 31 37
78 80 9
58 37 62
51 77 56
94 50 19
8 88 70
56 72 94
23 92 26
46 21 59
77 2 55
47 35 75
45 55 48
98 3 10
45 4 58
81 1 12
79 38 21
21 43 10
45 25 78
97 12 8
20 5 38
29 21 4
91 98 31
11 48 88
70 49 85
97 27 0
4 83 8
91 18 11
89 96 66
65 55 85
96 57 45
86 14 33
51 77 52
10 2 91
80 91 87
14 47 26
20 41 87
60 1 12
26 18 69
1 35 43
27 48 32
10 8 77
56 14 71
50 95 89
95 13 29
94 51 85
54 7 84
41 56 29
80 33 96
79 64 78
29 78 70
27 24 25
48 78 47
70 23 81
73 16 39
39 3 62
60 66 10
60 54 19
74 83 12
9 38 96
73 61 56
45 48 76
11 96 92
47 16 65
91 10 82
50 17 20
95 41 9
2 19 80
1 19 45
59 58 90
83 78 87
23 62 4
44 47 54
87 54 93
36 100 54
43 89 31
23 74 50
66 27 77
67 50 92
84 85 23
31 0 50
30 37 66
5 32 65
33 100 84
35 89 33
95 99 40
13 40 89
14 6 89
83 23 30
74 75 99
46 99 80
89 64 7
3 28 82
68 26 29
89 32 79
93 75 1
36 84 1
5 35 30
11 35 74
32 29 99
83 92 24
75 86 96
37 8 40
50 58 45
50 24 0
90 60 89
85 97 12
34 23 63
91 42 42
6 20 45
97 28 27
4 31 67
59 49 50
64 39 81
50 16 43
14 82 58
66 87 15
47 9 73
77 98 15
21 24 82
22 55 37
20 88 54
38 68 71
7 23 86
11 5 49
81 17 59
79 43 48
55 25 29
8 60 85
58 7 79
93 9 90
94 60 90
89 4 52
47 12 67
73 95 83
94 74 25
70 70 8
26 33 71
70 2 14
17 62 33
58 16 46
78 99 24
57 96 90
82 93 72
46 64 15
48 98 82
50 34 76
84 68 27
73 74 31
63 89 74
89 56 78
5 51 50
20 69 54
31 40 72
81 78 63
58 25 57
45 58 60
5 63 93
95 15 83
81 31 40
65 29 72
78 78 85
55 8 90
34 95 3
14 41 95
76 20 86
75 60 79
20 78 41
28 35 15
97 92 47
84 34 77
41 88 2
1 65 34
47 31 10
89 32 71
52 31 41
11 57 52
43 16 69
54 10 95
37 51 15
47 13 85
92 26 71
86 40 61
4 57 79
55 58 4
49 43 5
75 4 22
2 88 66
99 66 62
8 18 24
70 19 15
97 35 37
87 71 5
59 25 15
31 21 90
98 53 63
34 21 7
1 18 26
67 41 76
93 71 72
59 72 41
10 68 4
36 86 28
34 84 52
77 45 62
36 4 79
33 42 77
41 38 92
44 44 67
79 50 96
33 2 64
95 21 30
69 83 28
98 97 85
63 55 73
1 43 81
85 33 23
78 28 22
79 73 17
85 98 11
10 67 82
13 54 79
87 96 35
18 50 15
24 79 99
78 21 40
8 16 28
68 92 78
49 88 39
56 19 24
8 1 13
61 69 73
90 5 53
30 20 61
92 71 77
42 96 61
9 41 30
85 28 63
59 43 6
70 22 99
56 99 21
34 86 59
64 57 19
78 78 55
35 48 50
46 15 94
55 63 18
73 86 58
94 63 76
79 50 73
78 55 20
2 53 10
27 3 85
18 51 44
22 39 84
23 81 8
55 4 91
90 73 95
60 23 72
16 24 90
39 78 30
41 3 35
92 72 32
25 80 83
4 47 42
95 43 85
41 5 3
33 43 10
74 86 77
33 1 89
93 80 13
4 97 38
55 8 7
52 5 6
33 72 89
45 30 15
78 59 87
50 15 58
72 53 97
83 22 38
35 30 81
15 39 18
1 59 8
40 58 81
50 73 82
6 64 71
30 85 9
67 77 16
45 60 66
100 79 0
2 74 19
34 0 24
99 8 45
47 66 32
61 97 8
31 69 32
38 39 15
69 32 88
23 57 35
91 79 99
45 79 75
68 76 16
28 64 46
57 19 4
3 95 28
74 70 3
55 90 58
12 12 70
87 0 98
6 56 40
76 95 62
60 49 44
43 64 75
65 48 47
7 7 57
35 61 85
16 34 77
35 92 98
13 24 35
22 62 89
79 14 35
80 75 34
36 67 31
74 9 96
70 77 50
51 15 67
36 47 14
73 6 75
8 9 78
66 10 79
0 81 44
21 25 81
34 56 2
58 78 68
65 21 79
91 95 90
0 74 88
61 44 7
47 59 2
34 41 89
67 82 48
99 51 48
5 14 22
65 7 76
75 63 48
52 79 61
20 2 37
66 2 59
91 13 40
19 70 14
98 30 29
39 79 99
16 39 10
82 86 9
50 28 56
67 38 79
98 16 94
59 75 52
90 18 64
79 7 2
28 59 20
12 45 6
6 38 63
59 89 71
79 93 61
64 17 54
81 3 97
58 31 48
72 85 76
24 17 20
95 4 58
66 56 15
59 4 80
70 32 85
61 53 35
51 31 57
27 17 21
28 11 86
12 51 31
8 63 51
16 19 16
18 39 56
26 76 17
16 57 99
89 77 88
65 31 41
70 9 16
59 23 16
72 84 29
51 37 90
26 19 33
39 92 88
21 36 78
82 43 32
19 67 59
94 51 28
52 84 87
60 75 79
46 89 21
0 96 0
66 49 24
44 81 84
98 56 64
43 80 28
5 50 86
81 86 55
55 44 15
30 81 63
8 44 13
34 33 61
39 36 26
79 77 57
95 50 3
66 95 50
97 86 64
54 46 94
21 1 17
86 67 70
26 7 23
79 71 43
0 31 74
8 97 62
88 28 42
20 23 36
79 13 25
84 0 75
0 22 27
42 68 96
86 77 78
66 75 35
23 66 58
68 59 6
71 34 93
80 96 94
70 92 62
72 1 29
7 25 82
46 81 40
2 22 58
37 83 79
63 5 27
37 36 66
54 59 44
49 59 30
88 30 61
37 58 13
80 29 0
91 23 52
95 75 98
19 24 76
16 78 80
53 69 19
80 88 52
84 18 21
7 94 62
50 85 81
44 56 67
41 6 47
12 95 97
1 74 94
0 29 42
29 82 78
54 96 34
98 81 4
28 66 98
40 37 86
39 34 26
72 50 25
13 29 86
29 34 29
11 4 51
81 3 39
48 22 54
84 7 78
41 12 65
75 63 82
46 76 28
82 68 24
57 100 96
10 45 25
82 100 66
96 0 37
42 58 16
48 16 54
54 65 24
62 92 46
55 0 75
48 34 1
58 84 50
25 73 16
88 9 41
26 72 70
92 47 50
43 49 96
41 18 92
77 25 70
19 28 26
57 51 53
91 45 18
100 65 81
76 41 99
7 87 69
69 21 83
45 32 58
16 73 68
57 54 0
26 66 40
22 11 84
82 73 91
94 17 40
14 74 87
56 38 56
26 97 14
93 56 2
29 88 84
44 5 10
82 9 85
55 97 29
92 80 0
67 14 49
13 91 19
87 73 23
29 7 8
41 58 74
42 19 4
14 54 26
99 32 8
82 72 1
62 19 80
89 85 56
94 31 62
56 22 62
93 77 66
29 24 73
54 71 93
67 15 31
88 9 0
33 89 20
75 63 88
72 51 19
52 53 72
82 58 20
31 39 95
96 65 70
51 74 40
15 56 2
17 52 6
89 99 71
13 95 19
35 97 84
71 99 82
20 91 6
14 14 94
15 46 31
86 53 81
51 41 13
27 11 91
41 47 97
99 17 100
37 32 47
28 41 16
83 9 82
2 59 11
82 25 50
77 75 16
76 29 26
38 79 31
24 17 35
5 13 54
55 60 81
43 13 8
43 8 77
16 18 75
13 24 16
6 100 4
100 1 69
93 26 20
1 48 82
63 31 54
56 82 2
0 39 53
19 9 43
82 82 34
14 99 53
45 10 1
21 94 18
42 81 99
76 100 10
36 72 86
4 23 38
39 55 36
15 80 81
87 97 65
83 44 43
58 17 10
41 43 84
77 12 24
55 72 94
85 38 73
92 35 36
97 53 31
60 96 93
68 42 39
67 37 45
38 19 48
57 52 84
47 39 41
97 73 39
36 34 33
72 25 65
77 37 100
34 21 60
57 32 56
96 84 17
49 93 6
88 9 78
72 32 90
54 39 99
75 51 4
45 17 79
63 85 69
31 15 75
80 19 85
81 89 40
72 3 11
86 2 54
58 12 48
43 40 6
55 2 88
79 93 43
80 56 88
88 24 70
54 84 19
8 72 7
88 66 18
31 14 28
86 74 36
41 91 70
39 53 42
41 49 12
81 96 30
38 4 79
85 57 21
35 9 41
38 42 79
41 52 18
90 52 62
40 8 31
74 51 59
42 55 33
43 70 32
31 77 12
47 13 33
93 0 19
87 42 22
100 95 84
45 94 12
50 75 22
68 29 87
48 95 73
22 38 65
16 59 35
28 78 56
36 45 67
10 79 91
98 58 18
24 93 87
20 98 44
69 93 60
65 60 55
15 66 94
45 15 77
49 9 17
83 64 30
83 41 27
41 64 93
7 43 63
3 34 9
70 48 56
64 29 21
80 39 82
7 49 20
61 58 33
3 100 41
74 61 30
47 73 33
92 82 6
74 8 13
3 47 83
48 57 10
1 11 68
74 5 85
79 93 97
83 26 19
86 50 85
40 2 34
22 9 60
17 100 14
88 79 45
16 70 1
6 66 32
16 37 38
31 13 83
70 36 28
0 46 72
33 48 9
81 58 56
47 39 41
16 20 45
47 61 43
76 52 57
39 7 1
16 84 44
95 66 26
60 5 45
28 30 64
45 50 47
38 6 38
59 7 34
54 72 47
1 99 61
98 68 10
8 38 88
49 68 17
52 75 43
20 91 51
86 43 17
17 63 76
57 65 43
24 37 85
71 70 29
28 40 81
72 9 17
99 71 37
6 55 90
97 46 39
8 65 85
31 63 94
2 54 81
44 88 49
88 95 38
82 78 61
90 93 73
42 24 52
6 60 46
88 39 31
83 61 23
57 40 41
99 56 9
14 20 22
32 15 70
36 59 57
42 44 91
87 18 24
43 37 64
30 33 1
92 77 40
16 90 74
68 10 65
8 81 2
33 48 23
13 3 58
24 61 46
48 98 17
74 44 100
72 64 34
81 80 75
37 28 53
25 96 61
23 37 69
30 37 33
52 27 49
80 82 5
72 31 69
95 79 32
47 22 45
52 30 45
91 41 85
86 75 58
50 80 75
26 20 32
7 50 90
50 85 45
21 2 23
42 50 82
96 25 81
71 82 42
54 90 57
64 67 78
19 3 83
37 63 21
72 72 78
26 51 89
73 20 74
13 48 92
65 42 51
51 89 25
13 93 0
86 30 100
25 67 59
100 85 19
67 93 63
13 4 91
0 73 32
9 64 100
46 94 48
0 33 78
37 89 33
12 99 82
60 49 19
99 36 53
56 70 98
42 78 10
82 11 90
97 79 30
90 83 93
99 27 62
41 12 79
72 94 77
58 49 33
50 66 48
89 44 18
17 35 47
86 54 100
48 81 50
10 93 86
71 9 67
55 26 38
62 81 51
45 47 53
48 33 87
43 95 29
77 54 80
82 40 88
18 89 35
60 79 34
52 73 55
44 98 29
49 49 47
58 15 93
97 17 85
62 47 79
49 66 62
59 24 30
76 87 44
72 22 54
93 74 21
23 40 48
89 92 13
6 24 41
39 29 33
18 6 81
51 47 95
89 3 54
28 76 41
2 91 80
34 14 36
64 13 74
33 38 74
14 100 20
93 68 95
3 72 3
71 83 3
31 45 1
99 22 1
85 86 21
24 84 6
100 23 65
17 7 98
51 0 1
47 43 0
86 39 35
68 66 9
24 98 77
93 60 36
17 55 65
44 41 56
60 58 72
38 40 38
53 4 9
3 26 45
70 28 5
39 6 12
25 80 8
99 93 83
40 48 14
92 29 29
98 49 76
47 20 74
73 28 42
7 3 63
0 20 83
8 36 9
84 29 66
19 30 23
54 57 79
30 41 90
0 14 15
69 73 80
74 8 89
76 59 2
25 2 33
8 59 69
76 14 68
29 24 82
76 13 98
86 78 22
97 26 96
42 17 17
55 21 25
25 22 24
1 21 76
70 19 26
46 81 76
49 76 33
80 0 26
13 61 27
25 86 39
96 69 45
48 1 85
73 81 30
44 59 8
24 26 43
50 45 29
1 7 28
25 62 30
82 66 17
33 14 58
4 19 16
33 57 89
13 76 0
44 62 18
12 0 8
83 33 97
66 41 63
16 28 64
19 34 42
47 25 48
68 53 37
93 25 17
23 84 92
55 13 85
51 44 63
37 81 28
98 60 24
71 34 86
48 37 56
66 49 5
62 81 19
24 51 31
80 77 75
36 62 26
34 93 61
67 19 16
63 73 69
14 80 4
43 84 32
55 45 7
25 94 52
99 16 45
93 40 71
10 84 27
24 70 6
60 50 36
89 85 75
72 92 12
17 71 74
14 83 90
78 22 16
8 90 9
80 85 31
68 97 42
43 32 22
16 21 72
79 88 34
77 11 27
63 8 47
18 73 36
99 80 93
82 63 28
27 29 2
93 96 58
29 35 17
79 66 57
10 99 48
22 18 23
69 11 99
68 30 42
62 3 39
28 49 28
36 28 19
43 98 82
35 85 56
97 53 91
92 14 81
22 6 73
84 0 27
81 21 34
69 100 6
65 71 92
36 59 87
40 8 13
19 46 12
11 33 97
61 91 99
66 32 10
77 58 84
28 66 83
69 26 3
45 33 39
8 54 56
49 72 38
27 7 8
84 82 31
53 97 96
28 34 56
89 55 31
72 41 68
18 49 96
1 54 90
48 28 56
18 92 95
7 25 79
44 50 20
53 39 86
48 50 18
6 39 21
20 33 70
22 17 95
90 94 77
46 35 1
45 90 52
9 46 19
28 7 48
11 87 97
70 99 93
41 13 48
35 92 0
50 90 11
48 89 72
99 23 60
53 15 49
9 89 18
3 19 23
38 53 52
99 30 100
65 50 12
65 80 55
98 80 77
100 66 43
73 38 65
30 32 100
81 15 28
69 58 34
40 37 26
35 27 5
92 3 92
92 75 4
33 85 17
35 24 75
87 85 85
90 91 78
38 25 39
47 7 79
79 0 11
25 74 29
52 62 98
70 22 19
78 44 34
10 25 6
36 85 85
82 73 51
15 77 53
1 37 17
94 74 54
7 42 42
51 83 37
68 32 70
45 30 97
80 45 49
15 89 52
42 32 28
91 77 77
36 0 35
98 42 94
99 92 76
71 2 28
78 71 34
19 79 16
87 94 16
3 19 62
22 47 2
54 44 44
77 12 2
98 72 98
39 56 15
96 53 0
22 74 26
22 15 22
52 74 77
52 66 9
26 7 82
11 100 22
81 66 72
96 82 90
99 86 80
80 19 15
47 75 58
93 53 60
64 93 85
92 8 60
22 5 29
91 15 38
43 77 12
62 1 87
31 47 21
41 82 22
25 63 41
25 27 75
9 84 54
34 83 73
89 68 0
51 34 6
31 32 59
12 63 65
4 69 26
28 48 4
54 10 42
61 83 24
91 53 19
46 86 92
40 46 98
10 72 66
88 35 69
0 90 57
85 23 21
11 64 79
89 94 83
85 9 98
22 61 89
34 53 11
21 74 78
26 26 34
47 38 8
95 50 43
99 67 55
15 63 68
38 27 26
42 30 68
100 43 9
12 85 92
63 58 21
67 79 78
75 61 18
80 25 49
11 6 80
87 44 32
40 31 99
25 63 0
100 9 19
30 80 5
48 63 46
92 13 74
12 100 0
26 17 40
57 23 5
4 52 85
72 32 98
42 36 9
40 87 100
42 64 2
47 98 13
78 85 46
29 65 88
3 95 82
43 24 96
38 31 20
84 81 99
40 48 41
91 63 93
93 63 98
27 30 42
42 65 78
85 44 2
18 55 15
5 3 55
20 77 89
9 9 43
15 14 53
100 38 45
19 73 66
2 76 88
42 52 38
69 31 83
64 28 29
74 34 93
66 24 52
1 41 44
33 20 58
35 52 61
10 53 62
0 26 29
56 35 73
14 21 56
45 14 50
94 56 42
29 82 28
92 6 20
87 21 60
10 99 40
24 20 16
21 62 61
42 63 49
31 81 46
7 38 52
45 54 69
16 91 41
30 75 53
92 82 19
56 61 29
86 49 42
22 42 53
34 84 88
9 54 80
58 51 87
92 81 63
3 11 30
56 16 52
50 40 54
100 28 57
16 1 79
89 44 26
2 75 56
70 9 72
42 81 74
48 36 24
29 16 6
68 8 31
89 49 96
76 56 5
55 75 100
0 39 61
81 17 18
3 21 33
76 11 93
95 5 31
33 42 17
73 88 18
65 82 24
69 2 94
96 18 2
5 4 92
86 94 48
40 12 89
26 87 9
85 18 98
35 90 73
5 25 0
88 77 54
1 52 1
38 61 61
21 28 81
76 57 36
20 48 13
44 29 9
55 25 20
74 63 85
66 83 14
71 14 60
30 51 7
12 59 18
27 22 43
71 60 47
97 0 39
39 55 19
51 40 69
93 49 4
56 89 43
40 75 100
32 50 69
98 35 79
46 95 15
48 61 79
13 67 85
8 26 40
42 86 64
48 28 24
71 76 79
28 48 32
65 59 23
51 9 69
23 58 37
60 6 97
20 65 27
85 28 52
84 77 11
17 48 1
72 55 26
54 77 90
29 71 83
58 1 47
35 60 44
27 0 68
70 40 74
89 3 21
38 39 52
42 54 97
89 53 29
40 86 40
56 41 88
38 70 7
92 47 34
14 51 58
41 48 37
66 28 76
74 98 21
35 78 8
45 44 8
84 40 56
72 35 10
44 43 27
78 78 73
32 7 57
61 31 0
91 33 49
38 64 27
93 87 62
93 45 45
10 10 34
89 16 8
27 9 74
53 80 44
81 6 27
80 51 60
79 87 83
60 93 61
96 47 2
14 25 31
90 68 69
11 34 47
68 13 3
52 59 50
74 19 16
11 90 7
66 9 73
96 99 36
50 88 81
95 29 72
65 32 65
41 53 74
57 60 74
68 23 46
100 28 65
58 4 84
50 83 81
20 51 1
98 78 83
34 78 44
86 0 40
66 57 76
53 77 27
39 16 69
79 53 58
92 38 81
31 7 66
49 25 6
21 0 85
72 36 51
53 20 38
51 30 32
97 11 20
85 68 56
27 71 21
46 25 17
42 96 85
98 90 62
44 26 79
4 16 69
87 55 59
51 5 67
42 23 0
66 35 16
37 16 48
45 99 66
96 92 22
30 7 35
25 40 26
82 79 41
6 12 99
22 3 77
55 35 72
43 78 44
84 40 55
64 44 9
82 44 34
0 29 70
6 36 61
87 27 87
86 83 62
59 47 23
98 39 3
98 34 27
58 79 77
53 21 37
62 64 25
10 77 25
61 28 50
49 7 6
49 30 28
71 78 8
5 79 16
2 6 83
57 64 69
40 27 82
30 75 44
47 37 52
9 38 61
24 91 90
5 87 75
45 30 94
45 35 91
21 65 41
71 98 92
35 61 30
51 23 6
56 37 72
35 59 40
15 76 43
5 33 36
50 43 93
96 66 99
76 29 53
40 95 61
96 68 68
4 22 69
65 85 42
86 81 70
22 24 1
53 30 64
66 5 89
94 81 2
20 79 52
33 69 81
5 95 77
17 5 43
90 36 78
77 68 95
30 4 13
92 27 71
39 53 33
83 52 8
72 27 31
1 93 99
20 100 89
39 91 92
22 34 91
74 37 40
75 22 65
12 72 61
43 68 60
29 59 77
1 29 31
67 88 32
73 22 82
81 62 59
56 80 64
59 30 75
49 31 81
92 14 71
13 77 19
64 68 71
87 4 22
71 9 25
2 68 7
71 71 96
2 2 85
63 79 92
67 14 75
69 45 12
35 68 25
15 81 85
9 26 9
32 39 100
46 93 1
100 42 44
41 60 60
58 74 100
11 0 8
19 6 75
73 9 55
38 9 30
57 32 27
13 57 88
14 15 22
6 5 97
42 80 31
77 18 0
25 0 5
93 96 31
15 58 65
0 11 67
20 26 44
44 6 83
96 17 71
41 79 21
16 70 69
16 76 35
3 83 85
95 95 75
12 7 77
62 79 81
22 11 24
47 31 36
50 35 44
87 30 91
92 85 81
17 90 84
45 53 1
74 33 13
20 37 15
56 30 97
82 54 35
42 30 49
3 52 97
23 63 83
67 86 69
47 51 36
72 3 72
24 86 60
56 94 97
44 44 20
75 86 64
53 27 33
50 56 45
23 9 82
79 58 21
4 52 83
27 14 41
55 67 65
42 75 27
71 44 43
98 96 64
87 12 75
47 55 4
10 3 26
69 40 77
36 53 19
77 45 32
42 24 80
73 15 92
0 22 11
38 67 9
1 93 50
16 91 34
49 98 1
39 18 47
57 79 51
95 83 85
24 35 32
51 41 0
43 3 56
98 15 68
9 63 29
7 62 7
76 24 47
11 86 27
24 52 42
17 58 54
27 7 63
97 57 40
70 89 8
69 37 95
42 54 26
22 86 50
27 56 84
80 73 5
66 48 74
41 94 27
42 85 65
50 39 63
58 11 58
45 41 16
67 8 96
33 45 85
28 96 51
24 49 29
59 23 39
61 77 60
71 2 65
91 32 55
51 27 93
5 42 47
33 79 47
8 14 60
14 18 2
90 70 83
17 74 69
15 37 41
2 62 52
25 81 59
59 68 83
18 99 68
59 62 79
0 15 23
16 91 62
17 8 23
29 94 20
10 48 94
98 20 52
91 40 17
33 91 25
30 100 28
58 100 53
18 22 51
71 42 6
34 58 68
60 55 26
36 61 74
69 96 49
20 97 17
70 65 55
9 4 44
48 63 48
18 16 11
21 10 37
67 18 0
83 79 20
39 6 92
98 13 91
30 2 100
22 54 92
75 51 91
72 74 20
57 77 93
91 12 94
82 75 98
95 97 51
14 100 37
75 73 34
94 62 27
72 61 4
10 47 49
86 0 30
19 98 64
77 16 88
32 38 73
59 85 42
5 67 100
21 76 63
18 69 52
74 65 79
39 87 62
3 23 76
60 97 64
58 7 56
99 8 55
44 54 10
47 16 68
66 61 78
13 48 25
25 61 57
41 75 35
54 83 42
77 39 57
21 20 84
68 21 54
90 13 85
68 51 18
32 98 57
46 48 5
22 28 44
73 88 45
25 54 92
29 43 7
15 20 83
61 75 41
98 39 68
71 79 98
67 24 90
0 64 82
39 91 61
17 77 58
30 83 34
66 35 50
96 71 74
56 63 31
15 6 97
26 91 36
91 39 42
90 8 27
73 29 72
27 10 2
71 27 88
34 31 42
90 70 34
100 30 72
74 64 22
46 41 46
10 17 19
98 19 42
49 55 66