4867
98 52 89
94 70 23
8 32 65
63 33 18
82 33 94
42 9 100
25 31 30
36 74 89
22 4 86
99 46 57
14 9 91
80 63 90
96 87 65
59 51 60
43 79 90
37 50 35
8 50 63
25 83 41
23 62 62
77 95 5
21 58 48
1 80 70
48 71 84
58 86 46
2 21 45
13 72 75
96 34 83
73 88 28
100 58 94
15 40 55
19 34 48
22 46 89
87 74 14
71 78 1
21 0 28
35 71 29
22 64 57
32 76 33
22 9 90
5 29 86
44 49 70
75 68 16
30 88 80
72 37 65
19 73 72
35 6 55
38 47 15
24 56 4
64 65 88
1 28 73
62 25 44
22 66 84
40 24 96
33 96 24
42 68 66
4 1 67
86 51 60
0 36 78
43 0 17
9 85 28
6 77 4
97 68 86
96 32 82
6 93 39
88 40 38
84 22 73
93 54 34
67 53 76
15 32 3
56 40 49
38 69 4
52 0 20
25 91 65
56 83 99
98 30 59
26 99 63
51 54 94
94 92 12
30 63 70
31 33 26
3 69 18
9 6 79
87 77 82
70 11 5
10 81 35
92 99 96
74 47 3
49 74 68
73 21 53
92 69 43
17 85 71
95 30 57
11 68 24
49 96 63
52 93 39
5 21 66
5 50 8
18 30 12
32 54 45
9 64 48
74 15 24
16 90 81
97 87 69
15 82 4
73 46 97
92 83 25
10 43 53
84 72 47
20 23 96
19 56 23
75 20 71
68 94 66
28 87 16
90 9 92
80 77 58
83 59 52
100 16 54
35 70 95
76 88 42
56 4 38
59 85 51
48 22 16
65 71 82
72 89 90
96 61 53
64 78 90
43 74 12
6 72 33
91 83 39
97 32 11
83 86 18
50 62 50
95 48 6
40 44 89
39 61 65
78 53 7
42 55 9
76 5 10
55 91 0
33 74 48
58 13 87
94 6 93
98 1 82
14 76 30
85 8 18
12 30 4
46 81 92
26 69 27
72 56 0
28 57 75
39 20 3
7 92 85
71 26 2
10 33 76
55 57 44
74 26 38
20 97 79
39 65 73
11 40 95
23 66 7
98 41 63
53 83 50
67 4 81
78 37 88
95 57 12
3 3 46
62 8 22
19 61 59
3 97 24
17 72 12
41 60 63
40 20 45
43 77 3
61 8 96
41 51 27
75 96 1
91 64 13
81 73 77
83 45 15
58 32 17
3 94 90
89 25 30
22 34 37
96 88 14
53 59 93
87 93 7
6 67 2
12 24 24
71 33 60
83 27 99
84 88 84
53 62 26
73 33 21
84 95 47
12 22 39
18 54 24
77 5 57
49 16 53
88 8 89
0 76 2
47 26 44
84 47 99
37 11 41
31 45 44
69 62 26
75 7 75
46 90 64
10 83 60
86 15 36
79 1 96
35 50 11
84 72 89
65 85 54
42 63 8
0 83 27
96 38 39
25 85 52
59 9 87
27 95 86
16 42 92
45 74 82
22 85 37
41 33 10
34 86 15
87 23 76
40 95 79
71 91 24
100 66 85
54 36 43
14 67 33
100 29 98
55 51 27
5 39 64
43 67 96
94 73 90
24 60 71
7 40 33
55 53 43
81 87 79
66 5 46
39 96 45
83 64 71
86 47 60
42 15 97
79 39 37
37 37 10
63 37 62
97 59 82
95 44 51
98 46 34
65 14 58
94 13 78
94 36 30
24 49 44
82 13 90
58 90 74
80 81 94
89 80 58
96 72 50
41 72 4
90 17 44
16 31 12
35 31 44
27 76 94
34 9 81
81 94 65
53 52 72
86 91 16
14 19 73
45 64 97
84 73 34
9 11 61
53 42 46
25 6 17
36 68 93
33 49 26
25 15 85
59 33 98
9 16 31
99 89 26
88 91 49
87 96 22
86 45 53
67 57 73
74 97 6
37 11 84
17 23 2
15 49 58
73 99 64
87 4 86
22 43 40
10 76 12
45 66 4
96 22 53
3 22 71
42 97 50
100 91 75
83 91 43
35 61 49
28 69 69
69 100 10
94 4 41
38 54 54
67 63 61
31 60 27
13 33 39
9 1 55
48 4 96
74 42 81
16 46 81
14 75 84
98 48 71
59 81 85
15 49 69
34 1 31
39 0 1
74 89 35
29 11 65
27 97 13
24 35 26
79 94 27
62 95 84
79 17 14
67 96 73
33 9 23
42 42 88
84 72 66
85 97 76
64 76 46
94 35 15
8 92 76
98 68 65
17 95 66
19 89 0
10 45 19
33 55 4
96 91 22
39 91 45
38 63 12
13 61 59
68 6 57
55 32 57
49 56 16
34 85 46
85 95 4
40 68 68
4 9 30
58 26 72
14 50 1
79 24 76
39 69 21
71 60 96
45 31 13
100 74 94
69 11 60
15 41 19
36 37 16
12 31 62
12 12 32
77 39 35
57 34 13
73 18 15
80 47 76
91 69 37
90 63 87
74 54 18
11 46 3
100 12 67
56 11 58
82 54 35
13 81 30
71 58 40
70 40 56
12 72 76
59 21 72
28 67 22
72 95 18
9 87 34
56 8 58
22 65 55
87 32 92
14 17 78
74 65 74
8 0 41
3 3 89
46 52 60
61 22 88
66 67 34
3 96 26
59 66 48
85 96 64
82 58 80
44 31 61
24 59 9
1 73 100
62 54 25
95 94 65
92 84 69
92 66 38
86 39 81
27 25 85
96 83 45
8 20 80
29 81 68
73 49 4
39 34 74
0 54 95
30 46 5
12 35 55
99 95 58
24 21 61
77 95 88
64 32 16
74 37 43
84 17 74
20 45 96
5 79 100
46 84 76
46 71 34
64 89 23
65 33 82
10 68 29
19 18 60
18 9 36
95 42 81
69 74 83
93 11 30
46 8 21
68 17 76
100 56 93
90 89 57
21 51 81
69 84 55
63 50 70
89 48 63
69 73 38
2 81 17
47 98 40
0 99 90
98 100 12
7 38 53
27 39 48
95 81 9
55 52 3
43 75 57
60 79 25
64 35 42
56 93 52
77 21 95
49 47 82
49 82 76
44 81 29
90 57 51
22 99 15
96 57 75
46 90 58
80 47 85
41 98 96
93 33 69
79 5 84
68 26 52
34 84 88
72 16 86
33 0 59
58 49 60
23 87 94
53 57 14
5 26 26
55 0 37
59 2 18
46 33 9
5 72 78
100 61 12
77 95 77
75 94 85
86 19 99
89 29 55
28 30 92
51 29 21
22 38 61
75 62 61
75 38 10
43 16 8
2 94 74
57 31 6
98 7 43
6 48 99
21 61 3
86 53 47
21 31 60
4 32 49
91 39 76
80 70 85
98 16 48
15 30 7
78 66 24
61 77 25
20 94 39
36 76 39
46 78 3
8 88 74
34 99 66
79 38 52
65 0 37
49 13 12
39 93 91
34 87 19
11 84 80
4 69 6
41 100 22
9 18 25
22 56 75
88 80 7
1 6 27
97 47 90
13 7 18
29 94 31
9 71 60
12 20 51
41 12 42
78 87 8
4 50 33
81 73 75
58 45 18
11 55 32
99 36 9
72 13 10
22 7 88
90 14 70
100 86 43
81 25 24
46 25 17
8 9 98
11 55 67
24 45 74
45 36 84
95 69 68
55 35 14
8 61 60
42 33 59
17 38 78
13 60 94
61 53 13
57 78 16
66 80 62
52 76 72
98 76 78
69 38 88
48 13 35
20 80 84
78 92 27
46 12 92
92 27 59
87 13 18
9 32 89
3 65 91
11 6 26
86 78 91
33 41 84
72 97 15
30 23 45
74 79 21
93 72 24
63 56 99
81 7 92
81 59 41
53 61 80
95 12 72
59 84 99
35 25 78
82 27 73
59 61 61
37 23 52
39 47 23
98 33 5
54 84 0
47 47 59
67 24 5
40 14 93
82 56 72
82 88 32
76 79 58
50 28 84
84 12 84
99 20 78
25 37 13
27 71 0
42 85 29
92 91 43
43 64 94
35 37 65
76 54 78
0 67 41
7 28 38
40 87 87
33 28 57
78 21 98
99 10 0
62 68 32
66 26 10
28 5 91
36 37 43
87 24 55
66 48 2
27 88 23
93 62 12
69 3 13
24 11 9
1 57 42
98 57 38
54 46 87
80 84 13
66 15 47
0 90 97
63 45 79
89 75 7
40 4 83
45 9 61
51 3 0
80 95 76
94 35 96
92 0 18
98 71 37
35 1 75
80 79 53
76 22 3
14 20 60
55 35 95
88 65 37
45 55 46
5 54 86
48 31 13
76 8 92
85 69 92
79 13 93
72 50 81
60 36 0
72 68 89
38 4 47
20 92 87
58 54 43
31 26 26
4 91 83
16 99 7
73 53 76
100 98 25
46 2 29
93 55 13
94 98 83
19 59 9
30 73 48
40 46 39
38 38 1
18 25 4
27 3 55
39 9 35
35 84 40
12 86 77
55 38 41
72 31 40
69 40 24
63 31 53
53 98 97
42 75 8
50 56 16
100 66 67
63 29 86
87 99 86
5 32 6
80 37 34
97 75 82
47 9 77
93 34 77
95 8 85
93 12 87
59 26 69
44 61 28
27 81 50
64 53 44
67 79 94
95 100 67
21 28 27
22 0 86
10 77 21
13 43 76
18 85 93
86 89 51
25 5 63
52 77 23
11 60 62
81 29 54
50 12 99
91 20 9
4 70 94
98 84 36
32 0 24
61 39 38
80 0 90
33 4 16
15 97 17
27 12 34
76 75 58
77 93 78
54 1 25
30 13 3
2 51 54
68 58 81
68 40 52
4 71 72
92 66 94
17 40 77
40 38 27
81 46 26
99 48 57
7 12 76
39 86 47
3 7 77
53 45 60
93 95 19
36 9 73
61 99 49
11 75 45
15 97 33
30 27 71
28 23 88
5 37 37
23 13 67
2 65 64
76 82 57
60 43 57
66 21 78
39 96 84
58 1 22
81 79 51
41 24 57
84 75 8
6 48 6
31 2 32
59 57 64
35 15 47
99 43 45
65 15 45
53 69 55
21 65 25
38 53 35
97 1 63
55 71 24
22 19 36
3 94 4
64 22 41
51 100 8
34 68 14
95 60 9
79 53 84
5 25 50
86 91 37
13 84 84
47 79 51
10 80 99
20 74 15
10 47 17
45 7 68
29 66 69
11 35 3
69 52 2
70 26 62
66 10 1
80 43 31
53 14 33
11 82 10
43 37 27
4 99 24
58 85 98
29 71 64
0 65 39
90 70 13
98 73 100
23 3 71
43 93 0
4 82 31
32 62 86
29 68 53
7 68 19
56 82 80
77 77 33
69 66 99
91 58 1
82 57 45
3 51 77
37 45 42
68 67 100
20 31 41
70 64 3
41 36 60
37 48 90
65 73 54
86 48 85
24 86 6
38 58 26
12 77 29
56 41 95
92 65 24
90 67 30
78 1 78
34 31 96
60 23 49
91 69 92
82 21 31
64 82 21
41 96 52
12 81 44
64 69 55
47 60 7
20 25 83
83 74 51
61 58 34
4 76 84
7 52 88
12 61 67
76 35 3
93 74 17
5 67 74
4 64 40
7 81 4
30 70 32
72 11 28
87 45 32
80 54 16
85 61 30
92 77 28
50 76 4
75 97 83
94 66 64
78 56 48
35 11 56
33 23 94
49 90 19
69 53 85
24 60 92
14 37 67
74 48 48
16 90 1
56 93 33
81 35 79
75 10 68
31 74 72
5 6 51
23 16 27
64 20 19
69 65 24
82 27 36
39 26 79
99 48 56
34 20 93
13 36 39
12 58 71
2 66 12
59 19 48
7 7 2
28 86 74
96 3 90
14 97 95
73 78 14
78 63 42
17 35 37
65 13 14
75 35 13
0 93 97
6 71 3
34 66 52
3 18 53
75 90 32
69 66 6
32 100 41
11 66 70
30 37 88
22 6 80
82 41 2
79 4 71
98 47 56
30 66 44
51 71 31
71 20 36
70 48 83
9 100 73
69 7 43
62 67 74
23 43 33
58 36 4
29 57 53
78 9 86
41 77 90
47 94 81
1 32 87
39 13 35
8 18 50
99 2 59
75 100 90
43 44 50
68 100 78
91 87 57
86 86 99
13 3 48
20 3 75
49 78 18
26 63 62
100 55 80
76 36 69
20 15 70
40 21 11
5 39 20
39 29 18
9 37 30
88 97 20
59 14 77
64 64 10
49 96 60
65 35 66
40 74 10
66 21 16
70 57 89
80 49 69
14 36 63
85 25 53
31 63 39
68 66 55
36 34 51
72 16 73
93 30 97
77 16 45
50 37 81
100 82 78
66 77 99
20 87 89
40 93 7
31 57 11
3 81 82
42 78 13
17 94 72
43 25 80
70 77 92
99 70 62
72 74 99
99 60 27
27 64 8
38 93 21
3 10 79
70 83 79
11 21 65
71 43 59
100 10 76
20 35 75
14 41 95
8 65 13
23 59 13
61 2 89
24 0 68
96 58 77
21 27 91
26 47 69
34 91 35
10 64 43
58 74 88
11 21 61
54 13 21
37 65 54
41 39 98
49 68 33
38 34 57
78 100 92
24 17 65
77 72 57
20 74 43
85 79 43
8 76 21
27 12 9
37 30 48
10 68 30
69 80 56
81 75 0
27 6 52
60 54 88
90 46 44
40 64 7
56 11 31
75 57 49
91 46 9
43 2 14
12 13 84
2 75 97
12 40 31
83 26 23
15 49 71
17 47 82
62 80 49
21 76 71
25 39 60
96 35 50
85 2 55
92 77 3
50 64 71
49 7 27
2 55 74
99 89 30
22 21 93
9 16 1
74 17 84
0 43 39
84 26 84
67 89 57
24 17 35
82 12 8
82 8 55
56 36 44
44 26 92
14 10 28
80 100 69
36 79 34
51 63 93
71 100 71
77 37 7
33 2 16
7 100 65
40 97 54
33 6 58
85 6 74
93 52 66
36 75 91
64 13 89
57 21 49
100 30 52
95 38 17
38 21 99
72 99 59
83 80 37
6 34 8
63 62 80
16 46 64
81 47 4
21 34 5
2 8 25
0 48 50
21 19 25
50 100 88
56 74 21
89 94 91
98 61 9
78 61 8
56 0 88
68 98 82
31 73 44
0 51 25
12 51 40
78 79 34
37 91 73
47 78 63
86 47 20
27 88 11
89 24 97
58 12 93
33 40 29
94 10 3
85 78 19
16 11 81
16 20 64
23 68 10
75 61 4
89 71 84
66 26 55
76 36 27
60 18 99
59 92 96
0 28 90
80 97 60
13 34 59
65 17 34
54 63 0
1 25 57
55 35 11
57 11 24
16 62 29
46 7 31
81 22 52
24 25 91
61 66 28
53 33 2
28 35 41
41 3 40
63 75 100
48 90 91
96 31 48
33 40 63
23 82 27
42 95 77
50 33 90
42 57 91
78 25 58
35 81 58
37 21 64
38 22 24
12 75 74
94 62 59
65 77 79
100 89 17
74 16 58
0 100 71
21 52 62
99 89 90
5 54 22
84 63 100
92 97 95
39 54 6
98 41 71
18 3 93
10 71 4
81 83 50
65 7 89
11 72 44
8 0 13
8 59 49
83 90 44
23 86 100
78 34 41
14 11 35
4 15 30
93 61 49
23 87 44
58 28 17
30 100 30
0 32 67
64 57 86
96 41 95
19 56 71
69 64 81
41 70 50
9 51 77
67 84 78
17 90 72
27 46 4
68 29 25
67 67 78
50 88 75
71 24 35
79 47 47
21 44 13
20 8 42
98 4 84
54 88 92
5 72 21
28 97 96
64 59 82
96 83 98
26 71 68
30 73 16
22 62 33
87 15 26
14 19 56
28 16 36
87 10 21
43 90 29
40 83 12
13 59 48
85 44 51
50 14 81
86 33 85
23 15 67
27 81 34
9 45 95
96 21 100
86 47 43
36 15 18
28 25 44
15 38 55
54 47 92
8 49 24
10 76 52
31 60 60
5 87 30
25 20 81
23 76 58
100 91 58
18 55 87
48 61 39
59 97 52
4 77 3
61 94 78
65 26 49
84 56 73
29 32 93
68 74 12
49 47 51
35 45 57
8 7 72
39 69 20
79 58 34
10 44 52
37 85 68
4 69 23
51 98 55
63 46 39
96 13 66
65 48 13
1 16 80
50 41 90
11 8 29
26 6 0
53 47 42
30 49 73
99 54 8
38 90 27
53 55 100
69 2 40
65 76 70
86 18 48
88 75 71
39 59 50
77 62 36
53 61 2
64 39 97
43 83 64
96 51 86
70 82 18
23 6 81
38 21 86
97 32 21
88 40 78
45 70 23
16 10 23
7 91 41
65 85 62
9 97 25
74 96 6
89 67 89
28 98 57
56 86 71
23 15 69
41 87 73
34 98 93
33 98 29
54 56 31
29 18 36
88 66 65
48 90 68
6 40 68
82 75 29
4 5 37
9 89 76
88 96 74
44 88 40
58 58 67
39 52 6
25 62 55
80 40 95
56 68 82
90 70 44
86 72 62
24 95 100
87 8 77
35 51 42
30 92 23
83 32 39
68 43 96
86 50 76
100 49 21
75 27 51
20 88 84
37 18 28
2 16 98
14 71 32
84 0 57
25 59 30
72 68 53
45 50 54
81 95 10
44 99 94
0 79 37
15 62 79
98 30 22
11 65 1
39 59 22
16 81 70
88 25 84
33 71 80
18 83 95
92 46 50
44 65 81
100 98 36
22 73 32
44 69 63
62 36 62
45 56 28
15 1 73
5 64 57
70 30 6
92 28 12
39 55 86
56 76 91
62 21 65
62 45 71
87 87 0
65 89 65
47 88 35
1 37 35
52 25 9
42 100 21
45 8 46
77 57 68
17 24 94
97 12 19
98 39 11
15 32 54
29 81 96
45 21 28
11 17 54
38 28 66
21 14 55
48 52 81
88 73 81
49 99 43
29 84 17
83 65 19
0 74 74
54 6 12
31 71 86
11 28 57
64 99 47
80 98 72
75 29 68
5 61 63
13 59 48
27 57 56
99 60 55
22 56 43
90 67 56
63 56 36
68 93 52
20 26 93
83 1 20
21 80 92
60 17 94
9 5 76
46 15 12
35 78 72
87 63 96
100 39 97
57 59 44
22 40 59
60 8 88
5 30 1
64 6 57
30 70 66
35 31 80
55 19 95
47 68 38
16 82 36
79 76 87
91 52 16
66 62 6
3 12 80
72 70 16
19 23 89
70 78 99
89 25 52
89 59 58
13 3 97
12 83 88
41 59 30
25 28 71
56 9 42
37 92 43
42 36 5
32 27 56
21 35 77
4 91 16
64 94 11
85 88 52
40 43 51
98 77 5
6 20 58
86 74 52
2 70 72
86 6 55
10 73 95
4 79 100
24 58 97
60 98 2
52 56 37
11 51 5
28 38 70
74 70 32
43 90 64
36 45 16
77 56 98
53 66 3
28 19 64
30 78 90
61 32 25
100 69 66
35 38 16
35 88 23
53 11 5
70 99 26
26 22 73
77 85 9
23 38 65
61 64 38
56 51 30
92 74 39
73 24 14
33 34 73
43 66 76
96 35 61
32 4 18
48 93 3
53 45 80
73 59 58
69 90 9
2 35 33
0 48 6
71 80 85
93 73 22
34 51 83
24 65 43
17 57 89
80 46 93
74 39 68
16 7 10
44 1 22
54 79 100
55 54 40
45 47 83
0 82 25
64 30 31
43 68 61
82 4 40
38 81 21
87 38 6
39 5 95
33 80 78
33 53 36
75 54 30
12 29 51
24 88 49
45 94 33
81 52 99
38 43 29
23 40 20
43 88 95
56 46 23
93 45 1
38 14 75
48 77 16
46 90 49
61 27 100
53 95 9
28 21 67
0 46 73
58 14 17
63 56 59
56 77 52
78 3 91
79 2 43
0 14 34
26 28 40
73 0 39
33 5 99
23 16 65
50 96 38
8 90 73
11 99 38
19 89 61
2 96 33
59 93 6
38 100 68
87 77 51
28 10 99
61 63 68
10 63 55
98 78 71
76 44 64
57 7 7
9 14 27
1 79 96
22 0 12
64 80 70
4 9 94
96 68 88
56 5 15
3 31 85
1 66 49
79 68 78
24 79 11
14 15 40
6 11 62
42 34 23
98 85 1
38 23 60
21 72 70
72 18 98
54 55 56
12 8 2
64 74 38
20 48 35
20 26 38
39 30 60
75 81 12
94 38 69
71 64 35
52 1 96
69 1 4
12 95 21
26 7 65
48 68 23
33 92 76
97 82 62
38 16 84
28 93 88
51 3 90
19 20 17
98 74 14
55 100 98
93 51 86
1 50 85
70 17 69
100 94 60
84 30 67
56 29 61
70 78 45
7 8 73
43 11 20
40 40 59
80 59 37
42 34 48
28 11 88
90 60 14
30 76 47
91 90 25
43 26 6
10 47 82
17 21 48
29 49 68
27 48 25
88 76 35
95 64 26
60 67 68
59 4 48
75 87 20
12 74 48
4 93 7
69 95 93
28 80 30
77 87 44
36 89 30
30 28 7
1 45 52
45 75 18
76 62 6
21 85 86
68 75 34
55 14 65
30 73 5
52 14 19
20 25 93
37 83 27
85 99 79
6 11 35
48 92 14
36 76 83
33 74 4
82 57 20
38 46 26
45 96 31
21 88 95
65 68 92
85 83 64
74 26 8
19 27 87
83 16 50
81 72 13
14 57 86
71 89 58
5 13 65
75 78 16
88 72 60
64 25 34
75 26 30
11 54 48
41 95 90
72 5 77
37 94 83
4 91 61
4 69 12
73 86 8
90 95 51
97 85 25
7 19 61
77 47 75
93 70 25
44 83 87
66 7 15
92 24 1
71 7 29
60 4 89
23 61 49
40 58 88
55 88 92
96 38 20
15 90 100
50 51 4
75 27 77
83 38 95
71 55 90
11 7 28
1 30 52
21 37 11
4 94 45
56 19 13
0 88 75
87 14 64
20 81 49
96 20 9
45 67 36
6 90 47
81 55 100
23 83 38
38 70 79
89 70 50
95 19 56
68 84 31
61 84 46
28 25 53
71 5 74
36 5 60
8 29 97
61 5 9
26 36 13
91 2 73
93 47 37
66 0 6
38 86 90
41 77 96
47 95 28
64 17 10
31 11 45
52 30 65
65 3 67
17 73 99
46 30 28
48 47 91
70 56 95
17 8 48
66 83 43
79 64 74
38 9 82
28 86 47
61 10 39
54 48 71
99 84 26
65 30 100
20 12 9
45 70 57
22 77 68
62 25 71
19 47 55
96 75 42
50 72 82
50 11 68
16 1 63
32 78 46
26 57 67
15 30 26
88 0 70
23 66 54
16 93 83
20 92 78
6 22 61
14 100 38
96 18 80
97 2 34
27 96 8
64 34 41
19 15 5
45 58 10
66 52 54
67 38 93
90 2 91
95 32 30
58 40 59
13 93 91
15 95 97
30 42 29
82 100 54
48 71 75
10 62 88
23 99 68
60 29 91
46 26 32
53 25 29
85 2 69
52 83 12
7 57 17
97 83 19
62 36 58
22 16 92
32 19 82
69 94 36
52 87 23
53 24 38
56 1 23
76 75 0
36 77 51
74 74 32
76 86 85
97 79 99
89 51 49
56 76 33
55 16 50
8 77 52
45 81 99
89 31 45
68 47 17
62 59 51
22 64 8
28 27 49
42 67 21
98 44 14
16 92 7
39 90 42
69 64 78
33 68 49
14 9 41
90 51 17
95 58 54
84 7 29
7 6 99
40 82 78
52 27 60
52 10 17
52 25 26
19 76 4
35 9 19
68 40 93
99 54 97
82 28 60
71 33 11
41 15 29
26 6 23
6 24 37
49 73 54
29 42 75
17 79 71
6 53 41
73 51 91
42 20 100
17 55 100
7 91 100
3 36 47
48 23 81
91 27 11
2 63 26
100 100 75
33 4 26
69 19 94
82 38 66
42 57 94
44 81 86
99 43 76
37 72 93
21 6 72
55 57 92
33 70 32
90 64 77
59 69 83
23 29 50
30 37 67
61 5 54
82 98 13
6 66 86
93 81 37
49 91 33
37 42 26
92 57 29
22 62 13
63 42 83
54 54 15
48 19 75
97 11 89
63 86 24
45 78 17
50 76 80
19 21 47
36 36 5
13 68 58
17 54 8
67 60 5
69 80 72
78 45 44
74 13 49
65 31 94
36 98 8
74 96 71
85 48 83
17 40 57
62 50 55
48 12 30
23 96 43
35 66 59
1 76 92
32 26 76
16 14 58
96 43 0
49 38 95
77 17 93
90 60 21
54 27 95
8 72 42
63 98 15
42 58 81
4 87 76
26 70 91
6 32 8
15 27 40
49 91 42
80 63 59
97 84 51
46 5 31
79 42 35
97 0 44
43 72 59
35 84 2
81 54 27
87 84 21
57 86 12
5 82 63
1 80 53
17 74 5
3 17 59
25 25 91
88 25 18
64 64 95
19 59 6
87 100 75
10 47 78
17 79 48
62 90 2
67 92 14
35 51 28
35 29 71
18 6 23
48 18 44
95 61 9
34 89 2
63 68 70
4 39 62
71 3 28
58 80 67
84 55 14
56 93 70
53 47 81
2 40 11
72 75 72
39 15 3
3 47 43
49 35 73
8 44 31
40 14 83
35 15 40
79 90 100
63 63 11
23 54 3
63 62 4
65 60 15
73 58 18
0 74 66
1 86 73
16 57 86
10 71 20
47 18 55
32 11 33
72 94 46
45 38 35
31 84 9
53 95 39
2 49 17
91 88 8
47 52 87
0 17 70
35 90 36
13 56 57
68 33 54
75 67 38
13 87 43
68 34 20
23 40 16
35 34 11
67 94 52
81 65 70
13 70 54
44 18 64
34 10 79
21 100 57
50 97 51
6 44 12
61 51 92
81 82 60
90 50 10
41 22 12
53 45 6
67 84 11
90 99 88
66 79 87
20 1 6
56 77 66
31 54 53
58 49 63
62 3 71
15 78 42
79 24 65
24 35 2
1 35 53
26 57 54
91 43 53
75 33 9
61 60 41
59 5 69
14 100 49
61 31 4
40 13 31
61 21 34
64 19 21
46 97 65
34 85 17
9 22 66
17 74 25
91 1 52
63 64 35
36 52 59
100 8 77
68 88 94
71 51 5
43 40 68
23 93 53
58 72 11
93 82 76
82 55 40
89 53 47
70 68 93
35 19 36
30 57 63
86 69 47
76 99 54
61 70 84
8 4 99
95 68 37
80 22 53
12 67 33
9 15 81
9 94 50
10 59 53
52 88 72
40 93 93
92 74 91
10 85 38
61 75 86
98 100 92
74 70 93
33 9 79
66 92 1
78 43 92
34 0 69
22 26 5
71 97 57
44 25 96
69 74 49
16 10 78
28 90 8
85 16 87
1 6 5
95 8 64
68 86 96
54 28 60
66 0 98
12 6 54
72 84 43
7 85 6
17 10 12
36 3 67
94 91 99
54 61 90
54 5 20
53 71 23
40 20 5
37 69 36
38 86 3
26 17 59
15 35 64
53 44 32
79 77 83
19 80 40
75 23 64
46 96 70
11 35 8
85 9 38
37 39 14
31 25 58
40 33 41
47 98 60
34 92 60
89 9 86
16 54 51
75 9 62
33 79 67
44 70 53
24 42 74
63 95 34
46 94 3
59 63 30
45 28 90
96 3 12
9 73 68
94 75 46
61 50 49
47 83 96
26 66 100
78 19 48
19 82 91
32 25 99
7 79 81
52 84 12
9 22 56
7 25 54
68 1 50
86 42 54
85 79 93
68 32 44
8 94 26
61 85 32
18 83 78
71 34 47
31 3 31
75 97 24
60 5 95
45 20 16
84 3 78
12 3 73
28 26 78
57 0 87
36 39 52
16 27 68
33 9 69
92 76 95
26 3 34
25 0 68
35 51 75
75 86 55
100 76 58
31 66 60
7 11 88
59 37 83
89 64 4
82 4 72
100 67 26
13 54 30
91 8 49
45 55 28
44 24 71
78 47 61
19 93 52
13 19 67
20 26 8
92 74 4
22 42 51
73 29 66
51 85 84
19 64 5
7 74 65
20 80 52
45 88 95
51 54 95
25 87 78
21 17 12
73 97 55
3 41 82
43 30 60
56 12 74
21 8 37
80 92 19
19 0 77
99 6 83
23 16 79
16 9 74
50 66 10
97 37 48
31 22 47
64 63 80
13 50 95
18 70 22
15 66 47
55 45 92
93 44 10
80 20 21
45 63 19
1 14 28
24 73 93
58 55 81
66 73 23
16 73 78
6 57 28
43 23 6
47 56 33
46 76 87
73 82 71
20 97 80
92 90 32
34 34 69
51 5 87
32 60 56
71 2 1
85 32 78
58 10 53
29 9 19
55 18 24
63 22 47
84 83 83
90 87 8
54 23 29
60 7 62
33 12 4
14 75 5
94 25 52
35 18 36
100 74 90
47 78 59
40 24 67
19 91 33
78 75 47
64 31 91
96 79 57
78 76 61
66 16 20
36 15 52
43 40 73
26 35 63
100 53 95
18 5 88
98 75 86
48 72 90
58 13 5
24 33 74
0 61 60
4 41 11
14 47 10
74 91 65
83 54 46
36 70 87
30 49 28
80 12 34
67 7 64
12 69 95
47 52 73
21 24 92
79 35 74
87 97 91
3 53 47
69 57 83
64 35 8
78 38 21
38 63 47
16 64 21
32 9 30
94 46 97
25 13 47
22 29 65
52 96 50
33 3 15
5 84 57
9 23 37
79 80 66
76 85 89
51 12 17
13 98 89
37 63 59
78 16 59
11 44 21
57 93 51
70 16 14
80 28 58
22 70 34
66 22 61
35 48 43
94 99 98
47 4 77
42 66 21
25 76 49
27 64 17
26 11 56
25 95 81
24 56 51
23 45 14
84 66 42
55 42 9
86 89 79
91 37 18
7 27 76
63 75 59
1 57 82
22 89 24
48 63 37
4 68 75
14 60 39
9 84 47
6 49 75
77 48 89
100 7 86
13 18 6
86 92 56
23 34 99
12 15 89
57 31 51
82 16 24
14 51 99
20 44 54
87 72 83
70 32 41
38 83 36
6 67 6
54 91 62
69 71 88
76 42 72
39 39 2
17 72 62
66 48 99
11 75 50
7 23 30
85 30 87
93 73 44
45 41 34
26 10 11
63 100 88
67 80 3
6 77 26
0 72 81
7 25 15
63 31 54
14 37 20
33 43 82
24 39 32
0 63 2
45 87 11
33 72 64
26 36 40
92 69 1
75 65 11
60 9 41
46 66 19
2 20 92
62 85 61
37 26 7
57 57 36
81 10 65
6 40 86
92 73 40
76 57 35
3 57 82
18 23 78
23 5 60
87 60 73
53 76 22
80 88 20
13 75 40
39 28 62
72 62 51
16 85 12
44 99 10
33 15 27
92 12 65
97 63 98
29 54 15
91 78 39
74 21 63
73 88 95
3 78 52
95 71 6
58 49 7
20 3 34
31 25 17
40 6 38
74 94 69
13 58 53
93 33 75
15 13 35
70 71 2
27 100 66
28 94 68
44 58 92
39 51 15
26 59 2
3 14 48
87 47 41
97 14 64
45 89 60
29 49 35
90 78 80
85 74 22
44 90 100
1 81 54
86 61 49
12 92 56
16 38 82
49 17 24
7 64 9
19 88 41
31 55 80
49 39 88
45 46 42
0 71 63
48 21 18
77 65 19
95 68 1
55 88 85
64 41 76
78 46 23
91 37 34
23 12 69
28 35 16
22 17 13
25 37 21
76 69 27
18 1 87
89 84 6
64 23 26
90 51 58
15 64 53
63 94 64
97 91 47
51 35 17
54 42 21
84 29 100
56 51 8
49 29 45
63 34 29
90 87 16
84 6 86
52 21 86
30 99 100
13 64 64
13 14 65
79 21 69
81 15 70
48 6 57
49 13 90
14 75 26
61 25 72
26 28 13
92 73 32
32 36 41
70 76 8
95 96 63
33 49 3
53 89 2
36 54 68
68 4 56
50 44 86
92 70 74
75 47 71
56 79 75
13 54 18
90 58 95
46 71 29
31 12 26
59 32 9
4 30 52
79 80 86
84 23 23
42 46 69
10 4 76
89 68 13
41 84 23
10 81 31
94 77 62
36 100 9
60 95 6
70 42 71
17 41 24
70 23 19
3 98 85
20 23 99
80 21 16
48 52 85
93 29 38
100 50 48
8 55 54
69 39 93
98 41 46
97 82 3
50 53 16
47 76 96
57 93 60
94 3 33
29 71 27
94 31 98
63 13 73
68 88 52
40 17 68
2 64 64
91 67 35
19 1 5
3 47 89
80 76 83
78 3 84
43 51 65
99 59 62
30 92 41
67 22 15
81 26 88
27 21 95
0 42 32
60 56 51
55 84 38
38 51 88
29 8 32
40 52 65
10 89 98
79 83 70
67 32 84
70 82 79
16 45 100
64 31 17
67 1 71
67 46 34
88 53 53
96 92 90
2 55 36
79 83 87
39 1 49
53 89 60
84 77 51
15 50 34
22 51 77
23 79 50
69 75 49
100 72 84
51 55 13
79 64 78
28 20 57
2 88 98
6 4 2
34 7 14
81 55 86
20 5 1
70 9 26
99 10 14
59 82 21
58 94 5
79 5 97
41 80 25
79 75 0
16 3 13
35 28 64
21 26 98
5 78 63
9 42 70
64 47 24
99 52 17
37 83 47
24 31 3
4 41 37
45 16 92
8 23 88
33 82 50
60 95 51
3 15 56
25 66 46
68 65 38
80 93 7
38 6 32
9 64 32
37 55 53
99 74 5
10 71 17
57 86 65
66 21 21
84 22 17
15 100 93
9 89 80
43 15 77
34 42 94
70 8 37
93 45 95
57 67 90
37 37 67
69 31 61
60 73 87
1 20 66
1 38 68
47 67 0
23 65 81
5 40 20
61 98 33
7 62 4
77 53 89
55 80 93
65 20 70
87 96 3
77 61 42
62 13 20
98 33 57
56 32 97
90 24 87
78 82 23
36 23 79
86 22 11
63 23 16
26 77 50
86 15 93
17 98 11
20 82 93
18 18 25
4 80 98
37 83 27
64 58 66
16 33 93
100 18 90
79 72 90
53 100 94
83 66 45
51 37 26
4 71 78
18 32 23
86 1 70
69 76 81
36 45 23
37 46 80
28 37 96
30 8 36
46 38 6
97 20 0
18 79 86
64 29 42
7 19 79
95 96 80
98 27 0
27 47 49
13 26 90
65 66 9
55 73 10
80 5 13
99 54 83
24 40 29
45 92 78
89 98 6
55 29 43
97 7 81
43 47 12
66 2 66
81 48 49
88 0 80
75 46 89
20 19 25
59 86 26
98 20 85
43 12 74
94 95 59
50 77 49
52 68 88
23 43 9
6 31 57
7 32 24
63 74 75
76 20 92
77 31 22
22 61 9
93 41 16
21 77 34
79 28 4
61 0 19
75 51 76
41 82 39
36 80 8
84 54 0
67 44 44
74 77 2
56 71 20
35 99 24
86 26 23
78 98 74
85 88 83
54 35 37
34 50 58
49 77 57
31 79 58
69 52 90
37 79 33
0 94 2
26 53 4
38 29 79
51 58 69
62 76 51
24 63 27
95 91 28
55 43 96
87 68 98
94 74 27
26 98 2
72 73 12
97 7 30
42 86 91
35 70 12
22 5 54
44 17 96
77 96 89
61 54 7
77 22 78
26 35 10
90 19 57
73 78 21
41 70 44
75 0 6
97 86 67
67 26 49
2 94 65
28 94 40
76 15 98
18 41 61
5 46 19
55 36 31
16 20 46
16 29 76
0 0 91
90 94 21
19 70 16
72 63 7
0 87 1
64 11 45
23 15 23
33 62 4
48 70 13
64 42 47
80 43 32
85 45 52
82 26 92
38 80 0
12 21 92
80 100 0
59 71 72
13 77 35
17 56 66
87 68 91
62 87 42
47 29 86
21 91 24
80 15 30
70 92 39
56 98 26
3 30 12
49 0 57
29 88 29
89 79 67
37 79 83
11 43 53
49 51 35
16 46 19
81 67 70
0 68 95
28 87 9
22 8 77
96 72 44
49 54 1
16 3 22
31 87 28
41 70 82
11 60 67
76 59 81
100 12 64
91 65 31
82 84 96
93 47 48
29 50 69
63 95 1
9 5 56
8 48 53
65 72 67
71 54 18
58 45 47
36 5 2
76 66 40
78 7 59
39 48 18
81 17 38
71 40 25
54 37 37
90 48 90
14 66 42
16 91 27
85 58 61
28 64 40
28 61 16
76 31 41
62 41 63
85 57 58
42 72 53
99 93 13
61 84 68
58 72 56
85 73 84
5 43 45
38 91 52
54 3 49
90 66 33
2 49 27
82 89 33
44 10 46
99 21 58
60 27 19
50 7 18
99 60 22
88 45 65
90 99 23
89 29 53
81 84 46
93 15 17
46 41 7
24 72 25
49 13 61
38 49 21
77 48 54
49 52 42
26 60 93
80 54 21
24 65 19
79 92 63
97 77 21
26 18 37
49 34 99
14 82 93
53 65 9
81 16 20
94 54 35
43 33 62
89 71 95
76 31 51
89 92 97
70 33 76
61 57 33
29 37 20
18 69 51
97 53 92
7 50 69
30 44 63
57 16 84
28 87 25
23 88 89
90 1 27
99 16 10
98 87 64
6 82 75
42 31 40
74 45 18
19 50 80
64 21 18
20 12 62
90 11 28
26 46 10
33 2 15
84 0 17
42 37 63
64 32 49
92 16 44
50 77 37
15 32 46
60 51 8
0 31 63
15 30 69
76 44 32
65 89 79
58 69 20
11 35 39
31 80 59
100 63 44
32 67 36
10 28 60
99 60 57
100 2 85
52 7 5
51 85 52
48 84 76
46 40 18
10 15 9
75 45 93
11 88 13
54 85 89
9 63 85
93 40 11
87 85 58
74 10 7
79 34 16
21 81 94
33 73 85
14 70 89
40 1 22
28 78 70
81 44 66
49 17 65
19 44 34
40 85 52
35 65 16
47 34 21
43 39 96
74 65 59
46 48 42
71 64 64
3 6 56
28 50 64
90 6 90
79 92 57
70 74 31
21 88 80
82 93 51
47 30 11
4 61 91
64 69 18
83 31 8
72 98 86
86 43 74
71 46 32
9 54 21
43 17 26
75 77 54
60 32 8
43 93 35
12 46 97
89 47 21
36 7 3
45 17 72
3 41 72
10 7 25
18 100 36
87 49 99
28 10 15
67 75 65
64 69 20
28 85 95
69 22 63
66 26 83
23 50 54
55 82 11
100 30 13
100 40 73
74 38 37
92 89 72
14 55 14
78 30 14
64 52 37
63 51 21
2 85 33
26 97 69
60 5 26
22 18 33
88 54 50
15 26 20
0 77 77
45 84 46
76 4 28
85 49 63
15 18 59
34 90 62
42 36 6
88 43 77
44 69 4
61 24 43
0 50 75
20 72 4
61 69 84
98 62 100
44 18 20
100 15 20
14 43 20
99 47 53
63 27 40
82 87 81
43 88 40
71 62 13
51 52 12
66 79 22
40 45 29
53 87 18
47 12 54
64 28 57
97 89 85
48 77 14
44 91 68
10 37 75
68 6 10
76 82 15
36 21 34
15 14 100
52 63 80
78 60 53
1 36 16
67 96 8
25 1 33
81 13 37
74 75 75
35 13 80
29 25 71
23 76 99
29 56 55
77 94 39
47 42 27
64 56 81
88 40 46
23 30 93
24 10 28
39 74 49
99 13 58
9 79 71
64 15 89
44 100 67
21 17 18
73 25 53
79 46 35
68 11 5
95 11 25
4 9 56
25 14 22
68 45 68
96 79 19
21 56 12
91 96 71
64 95 24
25 5 28
43 39 79
2 52 88
8 75 41
69 68 36
54 32 26
85 78 16
86 24 15
1 53 97
72 57 4
77 65 93
14 41 34
3 18 23
15 99 7
1 76 46
8 97 61
78 14 53
27 20 75
50 75 64
64 44 17
52 59 99
64 42 0
93 49 97
64 37 65
57 68 51
4 4 98
50 55 39
33 94 99
14 61 38
29 88 70
55 99 73
35 31 44
79 75 96
72 81 38
3 58 3
70 12 39
64 48 38
46 61 72
0 46 70
83 62 18
78 98 68
7 16 62
11 43 52
9 84 64
98 70 100
3 58 35
61 90 30
1 19 6
12 44 100
43 85 50
65 6 78
9 64 75
70 58 69
8 70 33
43 20 26
93 18 86
0 95 94
80 72 57
53 81 58
7 27 70
20 75 46
64 59 27
53 43 93
99 8 73
90 45 95
44 29 61
76 92 87
43 13 70
10 66 38
51 39 68
53 30 61
56 86 38
7 1 61
42 74 33
70 22 7
17 0 89
30 25 3
16 88 47
6 21 41
2 45 4
5 59 51
26 23 29
99 95 64
13 42 84
31 81 8
13 70 13
77 96 27
39 55 22
58 27 89
88 35 24
15 62 33
32 22 15
89 44 90
88 46 58
69 70 11
59 35 76
82 31 85
9 11 44
81 39 58
86 9 71
14 37 80
18 59 14
63 23 42
21 78 82
90 47 37
80 93 83
38 97 22
28 1 54
73 32 12
39 16 59
17 52 41
97 88 53
55 42 72
38 23 2
96 72 26
13 6 90
64 74 85
31 83 75
48 70 26
18 83 49
81 37 92
38 95 76
44 83 77
2 63 79
91 85 46
33 5 90
47 58 20
93 91 50
80 71 93
41 29 37
75 1 93
78 59 65
9 19 39
85 13 82
59 98 84
36 49 17
46 42 51
29 34 95
11 14 14
83 73 18
11 17 75
97 71 58
47 13 75
84 79 8
4 47 63
88 30 49
9 51 73
92 68 75
94 98 39
63 76 11
100 36 11
62 86 1
43 70 85
26 65 77
38 59 40
21 12 2
83 45 8
46 17 55
80 32 16
10 55 58
35 89 82
26 15 9
38 38 39
39 78 68
74 9 82
37 85 28
11 7 22
19 21 35
60 52 68
92 12 2
69 99 42
61 66 80
46 66 15
11 30 32
94 100 78
65 60 76
64 38 39
32 35 88
48 81 35
1 70 35
64 38 90
14 40 18
89 52 82
31 14 6
99 21 32
56 52 60
54 50 7
58 23 14
96 35 48
99 88 57
74 32 29
63 35 34
89 3 85
47 92 70
62 97 46
22 8 12
69 49 3
50 29 87
52 30 100
60 33 100
37 66 93
100 38 9
55 60 95
35 82 34
34 56 20
46 84 31
47 61 79
59 91 39
7 6 8
18 78 60
43 80 91
98 5 37
41 53 25
55 3 5
21 41 51
59 94 39
18 75 66
63 36 97
41 44 43
75 88 92
83 44 78
74 48 31
25 87 72
90 39 22
74 78 74
62 69 50
33 54 2
63 26 98
13 29 76
64 79 44
74 93 81
36 80 51
19 57 40
51 31 54
68 81 3
1 56 4
3 55 90
20 3 59
69 53 83
39 41 40
86 69 33
86 68 57
78 69 12
96 59 58
97 19 27
41 50 28
5 19 59
95 2 21
27 23 98
31 26 6
3 3 86
1 42 59
90 19 59
38 54 54
79 64 58
75 2 54
16 71 72
44 19 74
49 89 26
32 12 50
84 42 44
77 96 36
86 44 77
97 26 79
54 53 21
29 9 11
89 88 99
92 74 40
52 22 2
34 86 24
97 99 3
71 53 60
42 56 27
32 51 80
35 83 5
66 40 14
68 66 34
83 59 69
51 73 36
89 35 64
25 43 78
50 40 20
41 35 14
29 50 34
54 0 57
15 98 33
37 98 85
46 15 22
78 83 1
62 86 48
2 37 35
82 84 7
26 6 87
83 18 69
44 17 37
51 53 77
8 8 14
13 39 94
22 38 81
77 86 58
79 21 8
45 6 63
98 13 75
59 25 78
100 22 61
35 75 82
35 60 58
85 4 23
67 36 76
29 33 1
2 77 6
94 56 73
76 68 58
98 93 17
33 17 39
50 33 33
5 63 96
9 85 94
61 30 37
60 86 43
55 24 5
16 76 56
98 38 31
86 80 34
1 8 40
17 56 50
20 34 16
95 51 72
58 91 65
27 48 79
54 31 8
4 62 89
10 64 49
94 12 86
62 36 79
27 14 25
29 37 41
32 45 36
34 53 59
51 13 98
47 37 43
88 43 11
91 46 70
19 43 55
94 55 93
44 20 91
16 30 80
14 80 1
54 97 44
95 58 74
49 11 40
34 88 47
37 77 53
10 28 77
18 44 3
70 1 7
41 61 45
56 43 89
7 43 76
66 29 83
57 6 57
0 49 98
96 14 11
49 79 89
28 95 23
88 86 91
3 0 93
43 60 66
51 94 99
40 15 56
46 3 37
90 82 92
46 53 26
32 99 45
66 18 35
50 19 67
73 33 94
52 32 92
64 55 17
30 86 7
55 14 64
2 40 58
68 87 64
57 0 44
5 91 83
42 68 100
75 12 39
26 73 31
18 91 46
88 51 67
40 28 99
78 50 46
93 4 57
82 20 44
82 61 74
77 48 41
75 63 22
49 78 74
32 19 13
15 2 69
52 55 47
34 87 33
20 37 97
74 100 44
59 87 64
20 20 5
94 68 87
55 3 41
9 10 11
42 11 29
28 46 0
66 23 47
91 46 43
57 10 1
7 37 2
17 83 49
21 100 70
54 24 19
2 11 97
40 9 33
94 47 77
69 75 68
58 98 30
17 63 75
4 86 86
97 37 21
30 49 9
33 3 40
59 10 96
25 23 80
100 73 0
1 40 36
65 54 67
83 75 52
90 12 95
0 20 16
95 3 55
67 66 57
88 5 4
78 46 28
70 99 63
71 76 17
92 59 93
3 14 58
0 0 93
30 43 4
98 24 11
53 41 22
4 35 70
95 88 54
30 14 91
77 76 100
37 98 86
39 36 77
4 64 69
26 46 30
64 96 70
91 27 85
25 11 77
47 44 51
20 24 95
34 21 23
18 47 36
86 54 75
30 50 21
42 28 10
54 14 17
47 93 88
76 0 31
10 18 62
76 65 45
19 94 0
34 89 4
42 14 93
56 95 14
14 16 87
7 32 95
71 80 28
34 77 56
82 6 16
31 69 38
32 94 47
28 8 66
82 16 53
68 42 13
96 67 37
25 40 58
8 30 66
38 60 81
24 16 99
34 30 14
80 42 6
39 84 19
61 10 21
5 95 95
98 70 96
55 13 98
77 13 65
94 32 51
83 69 57
39 40 52
16 87 44
21 75 26
25 81 4
53 43 60
52 49 62
95 24 57
53 66 67
66 58 77
14 99 58
40 85 76
57 67 76
52 29 96
9 67 35
32 25 21
36 65 17
40 73 15
2 51 64
11 14 65
22 81 94
14 75 96
97 92 34
3 11 66
32 53 22
70 29 27
62 55 48
23 7 99
81 98 89
92 85 6
27 42 29
14 56 9
3 25 41
35 57 11
20 60 98
90 43 79
59 70 63
66 92 77
55 6 91
16 81 69
53 49 28
26 70 14
37 48 58
74 95 64
46 84 2
81 82 14
47 5 45
31 14 14
3 51 55
57 43 35
7 83 60
59 12 4
31 87 61
41 62 46
39 75 28
6 52 41
28 93 27
34 65 24
74 30 39
36 67 94
26 89 46
89 31 42
5 28 66
92 34 94
82 84 80
85 95 52
11 51 62
4 45 92
95 34 91
18 34 42
29 84 14
13 95 82
85 41 99
28 69 43
69 100 75
7 1 31
88 73 25
40 36 37
58 43 60
41 36 30
83 80 42
89 26 68
72 83 1
65 72 30
55 65 63
49 0 46
42 59 71
84 79 68
28 43 7
55 25 61
34 4 85
57 68 30
52 25 96
70 88 21
93 33 60
50 29 71
42 93 83
54 98 85
22 87 79
94 18 91
11 8 64
22 98 53
68 0 35
31 14 59
55 56 46
92 98 44
80 51 60
49 24 11
52 21 84
73 55 58
70 24 71
14 100 96
97 65 66
33 70 19
23 65 9
88 6 28
75 77 30
45 95 4
47 26 45
12 3 84
72 49 99
41 11 93
63 73 36
12 10 38
21 43 39
11 15 43
28 22 93
12 8 0
18 59 30
2 33 100
36 99 16
33 10 81
33 37 35
95 63 46
43 48 73
68 33 60
37 86 36
40 82 44
26 37 50
78 31 30
97 74 13
70 86 81
34 90 45
27 27 80
4 39 40
77 100 89
20 54 89
62 67 91
39 54 8
99 28 28
28 7 71
84 57 88
38 62 24
43 96 90
50 40 1
8 17 40
43 8 86
79 33 64
98 19 21
98 94 35
40 69 25
25 87 3
23 63 78
41 7 15
11 52 62
44 7 82
44 63 48
76 59 45
56 28 33
24 61 88
89 60 12
62 0 6
20 45 25
17 28 37
61 78 77
26 100 52
14 88 4
89 90 89
85 45 63
6 73 77
89 42 23
1 2 17
49 47 3
81 81 2
39 54 61
96 73 55
9 64 94
34 81 48
67 85 18
17 39 100
37 94 30
92 24 16
26 91 32
97 32 61
7 5 93
57 75 84
42 13 63
46 96 88
83 86 27
0 13 77
60 14 100
36 67 52
1 47 72
18 6 92
27 8 5
34 84 92
52 89 96
37 1 84
91 28 69
96 60 68
56 82 43
62 36 48
21 58 2
82 72 99
94 82 68
57 65 9
57 77 70
21 99 53
12 99 80
1 55 56
61 53 100
8 49 10
59 63 96
61 85 55
66 95 48
8 80 15
8 76 49
48 71 68
95 78 64
94 0 30
73 62 73
57 22 54
30 58 21
11 10 86
86 66 55
78 100 90
34 4 59
19 77 25
0 26 68
12 73 39
46 28 55
95 67 32
97 65 38
42 5 4
63 73 66
72 30 65
21 49 81
89 12 47
78 58 8
83 7 93
13 7 2
37 2 6
36 62 50
94 55 96
37 2 17
98 29 48
84 88 31
50 44 38
78 36 24
3 34 26
71 93 78
46 24 45
33 66 0
43 57 24
91 62 14
70 17 28
73 34 91
63 26 23
63 91 55
77 59 55
48 27 40
40 27 61
30 20 65
40 38 49
96 31 18
50 53 81
27 75 24
85 42 49
85 48 96
79 88 24
1 78 4
100 5 0
78 95 90
70 24 32
92 18 70
27 54 47
35 80 88
76 4 21
85 55 63
98 42 77
29 88 66
10 27 69
53 86 26
68 79 4
75 63 32
20 12 45
85 34 5
18 49 10
18 83 21
54 99 11
59 38 96
90 38 21
38 43 38
79 67 44
60 58 4
57 11 17
100 44 11
47 43 4
89 66 94
66 26 7
94 23 90
67 9 20
17 5 84
94 66 35
54 17 86
76 60 89
85 56 63
66 35 99
65 33 69
81 37 41
23 33 52
12 13 97
66 55 38
92 4 41
75 87 62
3 60 92
85 77 13
37 92 61
36 96 1
75 14 34
51 35 94
23 24 31
4 16 28
90 62 92
50 87 27
97 7 70
44 58 15
71 98 11
35 33 91
43 9 93
93 72 35
12 86 7
54 65 19
3 45 72
55 47 68
67 76 73
92 9 8
80 82 39
44 9 38
16 33 92
29 78 25
34 90 32
7 35 5
52 15 20
70 43 37
43 90 34
24 52 1
87 19 73
24 22 82
61 39 13
20 82 13
2 14 91
10 59 24
57 31 70
93 37 8
31 32 57
11 46 5
71 83 33
31 43 10
35 87 91
56 25 100
94 91 44
27 9 46
57 90 68
0 24 50
34 89 73
20 87 93
69 4 79
33 8 4
74 46 36
87 84 81
49 75 38
80 1 92
98 95 74
66 37 83
65 37 50
53 27 100
94 68 9
92 39 20
90 94 51
34 87 88
46 27 5
35 8 88
4 52 76
16 98 76
78 100 79
33 0 68
74 35 32
38 40 41
77 24 15
90 60 56
14 27 66
60 54 42
24 36 6
41 92 72
8 81 8
33 98 41
62 23 44
89 16 92
32 36 77
66 0 8
33 73 99
46 98 38
42 48 57
57 27 82
29 43 75
68 22 87
23 20 2
82 6 95
43 22 42
97 76 89
33 25 96
0 75 87
67 19 7
2 14 42
28 67 87
62 65 25
32 76 73
97 31 9
12 54 27
11 63 50
83 12 96
27 0 62
91 3 62
95 83 24
43 89 61
100 61 3
85 12 51
27 86 16
79 60 21
43 4 51
31 75 82
29 39 84
88 47 9
26 27 91
52 4 67
63 93 45
97 27 88
1 38 3
58 48 53
15 15 5
27 41 21
91 3 78
14 92 49
1 83 58
24 49 61
36 56 49
92 0 82
37 0 95
93 43 29
39 24 49
22 71 53
41 83 75
27 67 68
30 8 45
43 48 36
65 67 64
12 70 24
66 56 94
79 18 22
76 47 25
51 98 82
88 69 13
84 45 82
47 61 24
28 6 28
64 76 23
41 26 50
79 81 27
65 0 49
66 54 30
70 56 68
4 62 33
84 39 50
97 78 95
83 76 87
76 65 3
46 96 65
32 100 64
83 43 51
29 37 23
58 21 4
58 35 74
24 22 66
77 0 91
28 27 97
81 49 84
82 39 20
90 16 70
57 40 8
66 50 4
80 93 94
51 76 82
65 52 45
6 50 79
92 92 98
43 70 11
50 85 7
80 47 56
92 18 28
88 23 37
93 71 94
52 45 4
74 11 17
92 87 77
7 64 1
52 25 95
64 46 11
98 34 78
93 66 32
80 29 11
91 63 46
36 5 18
3 53 91
28 17 60
79 12 40
38 32 56
74 17 47
81 81 48
26 47 79
24 37 37
46 84 71
36 53 83
9 66 41
71 81 5
46 97 32
66 38 97
88 74 8
92 6 13
24 61 35
83 73 13
82 100 23
65 66 23
64 7 87
33 6 61
87 88 74
34 32 40
1 2 95
83 71 35
76 70 93
30 83 55
85 99 46
76 96 87
88 46 33
26 45 79
22 32 72
52 65 22
91 75 25
12 42 65
88 5 11
60 7 66
58 91 90
25 46 90
98 75 93
4 77 41
82 23 43
58 16 42
90 63 19
24 69 5
59 90 99
54 24 27
6 72 92
56 26 9
34 2 19
78 33 26
90 94 91
63 98 7
5 2 55
57 2 41
54 8 41
44 12 97
31 68 52
87 29 93
92 62 91
69 98 96
34 11 55
81 93 16
66 63 24
77 60 77
92 10 1
1 39 92
64 20 96
50 60 79
82 78 70
31 40 38
30 26 3
41 60 53
5 80 35
27 98 60
58 41 66
63 3 36
77 82 41
45 15 24
31 2 50
11 24 63
55 84 99
8 78 53
88 57 99
27 31 45
31 12 97
11 2 55
72 27 89
81 18 90
76 89 52
38 28 40
95 25 77
90 70 72
88 71 72
64 81 4
62 99 16
64 24 32
58 88 25
100 94 90
77 61 63
96 26 65
48 78 3
7 11 25
81 7 69
33 86 84
22 60 35
26 31 77
6 79 79
59 51 36
100 42 68
63 39 20
91 18 16
61 24 72
38 39 83
49 85 63
89 43 1
99 49 16
92 32 22
5 29 75
50 0 64
48 55 45
48 48 7
35 36 14
99 3 29
89 40 28
34 94 1
51 66 14
11 73 40
79 24 42
5 48 80
79 64 52
24 59 91
36 21 3
91 38 68
17 96 65
17 59 90
52 64 44
67 73 98
20 79 78
4 27 45
97 57 7
15 52 71
76 48 59
38 20 79
34 58 49
74 8 16
79 0 79
16 52 61
25 2 50
56 53 4
30 94 22
89 33 99
79 19 86
79 32 100
76 24 24
47 39 30
70 25 82
46 75 41
88 15 92
63 99 46
57 97 56
96 100 30
29 83 4
30 30 83
0 49 70
44 11 85
78 34 29
13 22 72
73 18 38
53 38 31
98 98 40
13 52 97
25 56 46
23 41 33
6 52 72
59 80 30
48 23 30
28 14 71
40 60 19
95 89 11
93 95 41
80 30 30
44 86 63
45 13 60
34 63 52
78 53 36
6 99 18
53 19 77
57 82 29
9 24 58
2 48 70
10 14 54
23 92 21
13 21 97
30 58 100
0 35 89
76 5 37
13 96 94
34 80 92
57 88 88
72 30 14
43 46 41
60 11 23
96 64 95
4 66 49
94 31 40
61 98 65
56 70 97
61 23 69
17 4 97
81 72 26
54 28 86
24 61 12
63 52 32
77 35 37
69 78 95
60 51 17
3 36 62
19 26 65
9 93 33
43 98 35
65 41 68
79 97 10
6 64 45
30 30 25
93 73 4
40 72 69
8 82 38
7 25 5
17 69 22
41 68 42
69 69 71
84 7 17
35 12 99
36 27 66
18 1 55
87 5 39
41 45 35
72 11 86
34 78 43
93 85 95
49 24 71
53 33 34
21 78 44
23 87 41
100 52 91
25 26 69
23 87 55
36 22 91
94 75 89
55 29 28
33 18 82
86 57 81
27 63 89
26 57 20
96 45 20
63 92 12
14 71 37
92 39 49
64 61 9
11 76 0
89 24 60
53 57 15
44 29 79
57 16 90
20 23 58
22 76 43
6 49 21
48 77 21
21 0 54
26 77 43
88 39 67
77 93 99
10 75 95
41 33 57
80 31 48
73 35 88
59 72 91
57 93 30
64 80 13
70 70 42
35 90 99
90 25 38
68 61 1
6 33 83
9 86 27
25 25 7
81 18 33
90 9 6
30 15 13
37 90 78
3 53 60
82 30 5
17 91 84
51 32 74
53 86 58
44 21 26
79 19 54
98 10 54
21 48 25
13 71 58
31 61 90
95 28 73
27 12 61
93 90 6
37 98 93
24 31 92
62 24 86
35 21 26
97 86 15
65 82 48
48 79 37
70 1 75
48 24 9
58 73 20
80 41 2
51 79 3
8 82 52
23 17 9
66 99 13
70 47 36
47 3 66
91 1 7
75 97 52
8 28 97
20 0 90
71 2 12
40 76 50
56 74 98
16 94 76
29 59 46
35 44 95
20 14 80
85 23 97
61 68 99
43 39 6
91 1 93
44 18 29
97 79 11
55 98 59
12 80 10
92 70 57
56 64 54
35 55 99
46 96 53
91 83 22
30 8 33
75 85 4
73 98 99
21 88 45
95 63 52
63 49 83
33 82 76
99 32 20
1 98 48
75 0 14
58 71 39
16 66 59
0 13 53
82 34 89
15 79 79
0 71 65
47 47 93
72 53 46
55 29 98
78 90 5
33 65 49
5 6 24
66 55 77
38 29 22
73 73 73
86 18 14
83 96 99
12 39 5
61 49 50
89 88 33
70 88 19
26 93 48
69 98 62
69 41 45
79 83 24
18 72 10
84 30 32
25 15 71
55 89 92
9 93 70
65 62 1
0 66 94
80 82 48
92 57 37
16 81 66
28 1 40
93 59 6
62 82 29
56 97 90
69 36 77
84 70 39
52 66 18
33 85 77
68 59 81
30 34 28
18 96 86
29 25 81
48 43 96
20 56 38
10 53 56
24 13 84
77 7 42
23 27 21
25 6 81
95 10 27
61 39 16
38 7 77
24 8 39
46 67 36
56 22 14
25 74 42
9 19 90
81 24 63
1 17 47
46 77 96
50 80 14
88 43 45
63 42 10
75 91 37
97 1 2
69 26 83
27 25 31
97 40 99
16 81 85
9 46 83
38 2 9
9 6 49
77 94 56
77 97 6
28 86 75
22 61 82
95 33 38
74 60 73
9 71 90
50 34 52
23 46 7
7 34 87
87 3 82
30 94 63
35 61 39
64 35 33
15 88 69
92 54 88
52 0 68
85 15 37
91 72 34
35 65 67
62 58 83
41 21 64
84 100 95
3 81 89
19 32 89
57 77 85
48 0 93
76 67 41
98 34 59
21 7 25
73 10 62
18 84 46
38 37 97
31 35 17
29 34 10
9 14 4
31 78 53
92 72 26
62 10 45
38 87 41
89 50 13
24 89 21
49 79 18
30 86 3
61 85 49
45 30 85
69 96 12
63 48 81
23 51 42
57 74 38
54 60 54
92 0 87
59 22 39
74 63 78
23 13 80
83 91 13
98 12 82
99 61 1
39 97 77
86 82 56
46 49 37
68 6 78
89 35 56
100 61 30
9 98 38
98 64 88
17 75 75
7 13 8
70 90 3
100 12 81
95 68 73
46 87 19
82 77 22
28 8 4
65 37 4
90 90 45
12 96 86
99 77 50
83 70 15
90 0 79
17 56 48
30 36 87
70 83 50
87 64 78
26 91 26
63 36 91
32 100 92
71 97 69
75 25 46
62 22 18
4 66 93
13 96 2
0 66 24
4 7 1
4 24 58
84 22 35
2 59 4
29 37 13
69 42 95
11 31 22
48 63 27
19 59 15
86 25 0
37 84 69
89 59 54
30 20 92
56 8 58
43 34 17
41 32 37
83 22 76
15 67 84
97 16 15
51 68 30
35 89 56
72 76 36
37 27 2
23 91 0
43 93 17
59 44 89
17 32 59
100 37 72
79 39 2
4 18 41
96 12 9
86 88 23
0 86 1
72 5 26
76 45 66
62 1 76
72 14 88
44 41 71
96 49 73
87 84 23
56 37 70
48 40 75
29 54 61
98 97 66
65 8 5
45 83 41
3 40 48
40 92 24
1 96 96
83 83 28
65 24 29
87 9 31
29 62 54
87 2 40
100 8 37
77 21 57
31 9 79
48 81 35
71 13 20
90 95 72
83 35 57
36 8 3
36 25 19
37 52 86
62 66 55
73 70 99
35 99 94
15 2 27
73 70 9
68 34 2
27 58 70
21 40 1
82 17 44
66 81 8
45 85 56
77 13 28
12 62 27
47 96 87
36 21 48
19 76 86
83 92 48
5 93 70
81 99 63
39 30 30
40 61 46
54 69 47
40 8 12
72 61 89
58 31 50
99 26 5
40 47 98
21 45 43
72 62 21
33 21 18
89 66 55
49 69 36
52 74 57
65 20 17
70 18 64
36 13 45
59 10 0
22 89 72
98 21 50
29 69 55
40 31 49
100 38 19
21 24 22
100 94 17
1 2 55
47 94 85
70 81 99
59 9 61
94 92 39
50 96 4
85 40 38
87 47 45
75 22 12
65 54 25
74 16 11
7 35 64
78 96 67
14 30 92
31 78 23
51 18 2
7 94 58
29 71 85
60 58 9
72 88 18
61 40 28
23 23 93
1 27 42
77 18 9
75 60 65
23 26 8
34 69 61
87 99 88
86 11 45
97 12 4
9 88 17
62 13 40
21 36 63
9 44 52
74 4 92
6 32 69
1 53 80
41 83 79
22 64 35
57 47 50
32 31 92
52 85 32
42 17 5
52 31 26
60 53 82
91 12 65
28 93 22
14 14 53
22 18 12
67 1 69
78 1 33
42 72 95
2 53 82
68 38 93
22 76 11
98 63 67
98 91 42
0 87 22
0 25 20
1 91 8
12 26 60
67 67 53
49 64 88
96 38 36
27 34 75
69 12 7
37 80 60
14 19 11
44 48 95
52 27 16
66 42 71
25 74 12
70 0 68
98 42 5
32 86 59
79 56 37
98 81 89
37 85 76
99 52 81
8 44 64
88 29 19
84 59 8
23 5 13
96 65 38
49 80 28
23 6 12
2 58 91
35 59 81
97 16 8
22 98 25
42 4 29
18 68 74
71 27 25
95 61 46
9 27 44
94 38 15
2 99 40
97 66 94
58 64 33
1 38 70
96 41 54
44 82 95
20 18 63
49 67 10
37 63 51
67 26 100
45 19 94
38 79 2
54 45 44
9 39 81
42 42 17
53 2 86
6 20 53
70 47 42
71 54 95
80 69 4
52 14 9
60 36 92
53 66 31
63 90 60
45 16 64
37 70 100
27 13 87
30 89 42
25 77 77
65 19 44
48 48 16
15 18 71
40 60 88
31 89 57
43 72 71
4 14 40
88 66 43
9 35 62
17 91 24
31 20 18
76 68 90
22 92 13
30 78 13
73 58 77
62 74 28
68 61 56
86 94 88
17 38 49
0 78 54
72 71 35
87 27 4
15 21 6
36 31 55
6 98 66
71 63 2
2 18 84
52 11 1
61 6 85
74 95 75
54 70 74
77 30 61
11 19 13
94 0 97
25 90 2
64 27 39
38 22 71
52 45 11
71 53 51
22 83 4
15 57 81
37 87 13
42 56 20
16 69 65
35 41 83
4 43 23
20 57 28
24 84 56
61 58 42
3 65 17
91 43 98
68 46 99
85 53 54
51 81 25
36 7 73
81 85 22
96 59 90
70 26 52
55 22 44
85 27 37
35 21 34
22 26 58
64 7 78
40 57 30
13 14 40
77 57 22
68 5 67
17 81 26
75 67 7
51 71 96
62 20 61
25 29 41
47 96 72
71 79 21
70 94 84
38 21 42
30 3 92
33 90 65
50 17 18
24 5 59
11 20 90
41 12 1
70 3 13
11 28 59
5 71 35
90 22 22
77 4 65
58 42 58
52 6 26
68 46 89
13 48 83
91 94 25
85 33 85
97 79 45
7 59 64
0 62 48
8 72 19
43 74 23
77 46 70
49 79 46
56 67 9
59 28 0
12 59 6
49 70 0
78 52 22
14 19 3
26 62 100
82 26 6
72 43 48
51 84 51
72 86 50
46 65 94
17 17 64
30 80 50
88 49 59
25 19 84
20 6 86
11 5 75
100 92 48
44 67 22
55 83 72
37 16 98
19 12 52
31 86 100
54 75 4
97 71 38
87 1 3
10 20 39
39 77 8
26 65 21
24 74 17
56 8 59
77 98 49
30 22 17
99 29 83
47 38 14
43 78 84
78 22 4
12 77 96
20 33 96
48 48 17
41 84 5
94 10 3
13 42 93
7 11 0
32 7 5
9 6 64
96 59 92
45 99 13
4 7 85
34 97 4
38 73 37
93 79 59
69 69 70
38 56 88