9088
11 95 29
6 14 72
52 67 66
51 42 37
69 35 41
80 16 35
93 73 33
84 73 82
67 84 64
68 66 49
30 57 29
91 24 46
12 85 2
64 2 58
13 18 63
60 83 0
69 91 1
92 47 98
4 9 46
4 45 3
99 98 2
80 56 8
83 100 50
84 73 10
51 59 15
80 80 15
81 55 100
19 46 46
100 71 31
28 28 64
7 96 1
17 12 53
51 16 60
99 92 54
59 40 84
48 15 58
59 35 75
19 18 26
6 88 33
5 42 97
0 80 50
81 48 68
19 29 89
100 70 64
10 89 25
54 96 14
6 50 46
57 70 38
73 28 4
71 34 68
9 36 95
74 54 22
26 49 61
63 4 68
36 63 55
28 30 29
33 28 11
57 27 13
77 24 53
81 58 48
34 5 58
14 53 12
27 88 90
17 40 67
12 15 54
67 23 31
87 97 32
43 61 81
14 85 64
47 98 96
58 32 28
51 32 6
3 84 36
55 0 12
99 74 10
44 13 65
3 13 14
0 23 71
26 13 60
76 69 36
27 52 53
51 27 15
8 80 19
84 4 92
46 69 23
22 3 49
80 73 48
94 71 6
7 36 62
41 14 58
36 61 3
49 32 50
35 51 72
62 100 13
10 32 83
23 11 80
97 24 62
20 97 88
77 99 2
23 17 40
86 23 100
2 49 82
3 80 14
48 61 75
44 75 77
5 89 32
0 36 9
85 30 55
79 44 7
52 13 44
42 82 20
19 86 86
45 2 88
84 90 43
29 74 33
87 15 1
99 23 22
32 28 96
5 19 67
49 49 45
66 75 65
87 88 51
29 32 65
13 2 33
13 10 58
60 98 68
54 41 43
13 79 45
75 2 45
73 52 60
2 10 88
77 66 67
32 25 70
21 86 60
36 52 85
92 35 22
4 84 31
96 77 83
19 80 90
88 9 90
27 58 12
68 25 5
79 61 69
58 88 79
9 0 94
43 24 62
74 66 54
41 14 53
12 49 39
33 12 35
52 99 77
17 96 87
23 100 79
50 23 31
27 50 91
89 25 17
85 4 68
52 62 21
94 75 3
54 39 38
85 20 67
52 96 3
65 7 61
62 29 4
68 10 11
97 8 51
72 6 76
93 23 78
80 52 57
30 62 42
60 92 47
83 22 95
89 91 39
44 2 85
24 52 74
23 75 69
17 91 14
88 10 46
42 64 34
71 58 100
22 18 12
36 94 50
69 29 79
83 90 43
82 36 66
2 74 16
72 53 32
51 74 32
54 83 92
18 95 87
85 61 97
25 11 20
95 98 64
65 40 83
80 95 22
82 36 77
33 70 57
67 89 90
65 36 88
73 28 68
48 1 29
80 8 68
89 48 96
21 98 18
35 80 68
47 33 82
60 91 58
0 39 98
33 88 51
8 10 18
39 100 88
19 55 36
27 18 39
89 23 84
13 23 66
8 71 59
81 49 13
50 41 86
40 95 37
97 45 47
75 60 68
65 86 7
23 42 7
34 74 86
23 67 61
33 51 38
38 20 28
92 50 0
70 17 46
89 59 81
49 70 82
58 1 81
99 81 37
55 32 35
73 64 68
17 88 36
89 68 14
66 54 10
5 93 40
49 78 11
61 56 35
45 22 53
27 63 4
23 15 20
28 25 30
62 55 90
53 95 77
50 1 97
3 70 98
16 84 85
46 83 41
74 47 55
93 49 46
80 27 68
51 31 19
1 26 30
33 31 54
37 3 3
74 61 19
67 39 37
82 6 71
37 94 100
51 86 42
56 84 84
4 61 2
19 72 42
38 58 62
37 28 59
29 86 31
29 38 99
3 32 40
52 76 15
4 58 71
95 24 44
84 58 81
67 73 53
2 77 45
97 57 8
47 26 99
100 47 7
56 23 11
67 78 51
83 43 41
63 74 16
99 68 12
18 39 83
67 86 42
50 0 55
97 96 40
49 78 92
65 3 100
89 61 97
92 0 46
75 98 66
64 95 93
32 20 68
81 97 30
91 2 67
68 60 4
35 56 68
73 25 50
77 38 88
77 54 1
82 27 3
95 95 36
15 87 79
87 59 58
16 88 43
48 99 10
15 42 65
51 5 67
51 88 1
45 91 5
63 98 85
26 24 13
40 74 31
32 38 1
16 86 77
74 2 12
70 77 63
0 13 34
86 81 77
35 53 81
61 66 15
31 3 23
97 64 83
77 46 45
67 49 64
95 66 17
92 23 46
19 27 75
93 88 11
13 36 86
41 20 33
98 61 38
50 99 30
42 5 80
55 50 5
31 85 70
84 33 54
26 33 46
78 41 71
84 100 49
12 16 80
17 93 89
76 66 93
42 67 80
58 76 66
82 14 62
80 35 80
45 23 65
82 40 1
56 27 93
24 39 56
93 68 77
93 62 54
87 39 33
55 0 54
55 38 61
95 97 100
70 71 85
94 25 86
79 62 53
49 10 75
76 3 86
69 78 5
4 22 34
70 21 55
60 85 38
63 44 26
57 94 98
4 66 29
70 72 51
98 52 36
47 65 78
62 97 16
74 14 14
86 1 33
67 3 80
17 25 70
24 22 31
64 26 1
43 73 87
91 8 39
0 6 90
3 32 62
20 81 91
72 83 40
14 4 45
41 29 11
47 89 2
24 95 24
88 96 89
66 39 53
6 50 12
68 81 83
4 26 24
86 83 29
75 15 98
11 59 79
98 19 9
49 25 4
75 45 14
19 97 96
94 4 63
85 52 99
48 54 14
35 72 18
56 37 23
1 30 26
25 15 63
14 34 73
73 36 43
22 56 10
13 65 9
89 92 73
85 2 57
48 5 32
45 79 20
22 32 40
41 88 7
26 19 41
94 68 15
75 67 73
79 50 68
87 59 35
76 76 58
4 25 0
93 52 81
43 44 16
21 94 6
72 37 68
62 67 15
58 42 40
98 12 39
5 7 46
13 13 86
16 13 97
48 7 16
25 44 51
2 42 85
63 30 86
28 95 6
65 99 14
13 75 84
47 10 19
37 50 44
78 61 62
29 78 84
88 98 28
22 77 52
16 82 90
29 22 5
49 98 91
2 91 56
39 26 85
18 11 97
18 75 15
65 40 59
18 38 59
82 30 31
32 50 76
81 60 8
5 58 17
42 7 13
62 66 22
40 40 97
16 16 70
95 98 86
50 31 39
58 49 55
65 95 28
38 15 86
88 46 60
18 61 10
47 69 77
99 18 61
56 2 37
63 71 76
21 77 67
35 31 20
100 26 57
82 90 34
62 74 4
77 13 48
31 18 74
30 42 51
52 34 47
65 94 73
58 55 21
94 71 74
83 41 42
15 56 74
96 72 78
83 53 65
94 72 97
85 61 75
53 20 22
88 71 87
13 2 67
34 45 27
69 81 5
68 92 12
31 21 65
98 0 27
8 71 3
66 79 79
5 22 5
39 36 33
3 94 74
32 18 53
94 79 53
61 44 72
32 48 7
98 62 48
60 75 24
97 58 81
61 12 35
46 66 10
88 57 5
88 37 0
18 7 7
57 37 94
26 67 17
73 86 57
28 70 59
36 47 61
5 46 66
29 58 99
54 80 60
16 78 74
36 52 61
82 15 80
25 42 32
50 97 10
59 45 81
100 21 11
47 81 23
29 39 20
90 62 100
96 56 11
55 12 40
35 50 55
96 81 30
92 11 92
10 87 30
71 80 67
44 65 72
81 42 41
66 95 47
82 86 99
68 94 51
39 6 25
87 16 30
61 52 74
17 18 75
82 20 82
82 75 30
33 52 66
51 14 44
3 66 15
20 84 88
29 88 11
61 95 58
41 90 39
8 40 13
69 51 28
10 45 54
74 82 1
43 59 72
98 3 20
42 48 42
16 9 73
2 80 74
62 41 14
19 15 57
80 62 3
19 69 39
38 13 24
31 50 36
70 66 93
97 24 38
63 16 6
82 92 93
85 33 23
98 49 25
2 12 59
2 37 88
15 66 28
57 22 57
99 83 47
95 69 83
31 79 73
22 82 41
18 1 42
9 70 46
43 80 91
31 71 13
100 88 11
15 93 96
64 12 59
24 10 25
45 34 70
69 78 38
46 76 88
30 86 27
64 77 4
94 81 62
4 51 90
62 34 44
60 92 33
96 6 90
63 81 21
74 21 22
40 99 52
33 46 14
3 44 58
75 8 80
96 46 26
33 66 97
96 29 0
97 46 75
84 77 55
49 50 64
91 57 32
65 15 13
2 30 16
43 88 81
32 27 90
33 89 24
67 89 36
52 7 90
97 67 76
80 94 65
20 64 5
40 50 77
27 36 19
93 82 20
60 47 52
49 3 53
59 60 77
70 74 0
1 54 8
82 21 28
82 36 19
55 19 28
14 88 6
97 0 18
12 79 23
57 78 44
21 47 17
85 71 35
80 66 95
8 98 23
32 64 53
19 91 1
100 43 57
70 9 68
49 90 61
100 72 98
32 92 83
77 93 80
31 2 99
78 99 100
66 82 76
31 59 95
73 39 12
61 100 12
99 30 41
55 61 20
5 34 13
87 19 53
16 93 22
84 42 100
86 0 71
92 21 28
65 44 90
65 54 24
80 63 85
3 88 65
83 57 99
88 77 44
98 14 63
78 89 95
84 33 90
98 41 22
10 23 44
59 12 58
20 19 69
61 21 26
80 76 61
78 69 15
28 67 56
51 55 88
79 39 100
55 23 12
80 4 10
85 40 23
10 64 10
73 21 98
87 33 21
32 47 34
92 57 56
65 96 30
95 81 12
99 2 71
80 57 17
98 90 49
30 48 71
55 62 54
69 40 52
43 33 91
15 79 37
99 48 15
66 14 26
15 39 1
2 3 85
8 33 81
36 54 73
75 99 66
7 76 48
95 92 21
21 87 53
46 69 64
82 17 59
82 93 66
75 31 32
57 88 55
72 76 19
11 3 83
99 70 24
94 91 21
23 92 8
52 96 98
36 10 84
13 62 58
64 45 64
14 72 33
82 64 50
17 23 47
98 9 53
69 54 13
50 24 48
89 21 62
21 14 94
26 29 42
16 28 35
62 40 66
48 28 31
65 98 3
38 19 23
17 55 37
20 86 76
1 97 3
71 33 62
18 43 66
72 43 37
62 94 63
21 61 91
84 87 51
90 62 72
70 99 9
63 43 68
94 94 55
76 41 97
25 90 2
2 99 48
73 80 67
5 67 94
22 16 99
88 3 18
75 13 0
36 34 93
95 83 87
2 15 92
55 59 80
95 13 24
65 37 0
65 51 93
45 49 7
55 73 46
61 20 84
92 5 94
22 2 11
51 48 63
57 80 1
83 100 93
1 63 57
0 59 72
10 35 68
57 43 8
96 20 33
17 99 26
34 10 19
31 31 60
45 90 84
13 21 40
26 14 12
68 0 50
44 62 23
45 6 23
28 39 58
42 44 64
2 36 15
48 33 83
38 75 28
68 4 72
87 26 3
87 52 100
13 69 3
6 92 77
45 81 86
16 7 99
13 86 85
41 32 62
53 98 48
9 42 52
28 33 70
47 24 78
37 53 11
85 69 68
72 78 44
0 88 74
51 67 89
41 45 8
57 48 77
99 4 42
74 62 82
54 63 96
29 56 47
13 92 32
99 67 7
73 61 86
27 9 95
60 68 74
41 23 19
53 62 40
50 45 63
41 19 79
86 83 38
29 87 6
3 58 9
73 73 72
18 30 84
75 91 65
36 38 98
39 24 7
87 44 36
15 71 0
41 32 78
47 30 60
5 79 71
20 38 23
27 16 22
50 40 2
93 66 97
26 54 8
88 13 13
55 95 84
26 4 98
50 81 87
58 74 99
78 23 23
62 42 92
10 41 76
19 49 40
0 56 27
77 60 81
36 38 30
16 36 73
25 20 96
65 77 50
25 98 21
95 61 46
31 31 97
84 6 8
4 55 75
37 39 55
89 32 49
14 95 57
16 63 94
23 28 6
89 73 55
32 47 57
8 77 2
25 16 47
86 79 20
77 3 97
55 79 58
15 31 32
14 43 77
25 98 99
59 97 32
93 72 12
58 8 19
90 30 18
73 38 87
5 100 62
54 16 8
63 2 20
57 78 1
51 79 11
90 6 19
10 18 95
44 34 45
25 30 59
19 17 29
25 45 49
31 9 34
80 35 76
59 8 60
85 91 77
39 30 92
63 100 52
61 44 14
24 4 75
95 56 78
41 1 23
36 34 96
4 42 30
33 22 60
84 21 93
36 53 62
87 31 83
71 76 30
7 12 9
21 86 84
38 32 67
90 80 72
48 86 6
96 61 33
15 74 70
51 35 66
0 33 43
97 82 4
66 53 85
15 29 26
92 95 57
33 96 26
79 93 8
26 34 31
94 17 80
70 28 97
73 23 97
15 48 41
26 29 36
99 40 79
34 67 39
20 80 75
87 41 10
41 12 95
3 8 28
78 10 65
54 26 15
40 51 25
5 10 24
95 2 59
29 73 63
14 26 9
32 82 14
57 6 58
54 67 69
18 82 26
13 27 98
2 35 31
85 49 37
89 71 42
43 72 41
5 48 74
51 8 45
58 58 63
69 66 92
63 44 36
76 93 98
94 18 73
99 29 33
53 35 77
7 54 15
94 83 94
40 20 4
12 23 25
84 75 8
32 72 64
28 17 39
48 29 37
22 25 54
47 79 58
82 77 81
15 35 32
98 31 34
77 51 100
10 64 46
88 99 1
22 42 24
73 73 98
0 80 29
44 48 97
90 44 86
31 47 37
11 14 26
48 30 51
5 34 86
18 25 19
57 64 96
97 71 53
63 11 91
81 95 95
21 37 34
34 17 48
33 19 39
56 96 40
81 62 5
6 9 85
40 47 5
81 46 23
65 76 44
1 10 100
87 77 1
62 79 29
95 16 80
10 64 46
89 84 99
72 16 28
28 53 4
31 43 87
67 30 6
11 86 9
42 22 96
10 36 75
38 84 99
85 22 21
13 12 65
37 78 40
5 86 55
17 74 37
40 56 76
41 92 22
15 55 61
21 9 60
89 67 82
51 16 76
92 91 2
94 26 58
62 16 88
26 52 88
97 57 16
34 78 2
53 96 51
19 0 77
60 35 40
9 20 26
59 23 69
17 53 77
90 68 14
99 71 94
96 82 21
35 27 1
3 46 63
1 55 12
9 56 85
15 33 24
80 6 39
90 98 81
46 100 13
47 36 78
3 26 31
85 68 21
52 9 45
43 29 10
17 35 98
25 95 12
32 56 73
35 10 12
72 16 84
76 71 9
48 31 92
89 80 64
8 21 14
67 73 15
61 78 94
69 25 64
47 18 31
54 30 12
38 23 38
9 100 34
27 39 85
38 99 20
50 52 90
90 0 48
84 27 99
68 60 6
94 21 64
34 48 88
88 49 45
20 54 85
21 89 2
63 14 92
67 58 72
52 97 95
85 89 42
57 68 19
22 49 44
42 30 44
38 5 81
63 27 41
55 81 49
73 4 88
73 71 15
68 10 10
67 45 40
45 43 30
100 15 29
14 50 47
98 84 44
51 49 44
75 35 44
5 15 10
7 66 39
64 19 33
87 93 48
96 87 17
86 4 45
39 6 94
82 3 84
31 10 84
59 53 65
77 78 72
78 9 7
100 61 39
41 93 42
53 50 72
43 11 99
69 81 30
35 68 46
57 46 83
54 78 66
3 5 87
37 47 4
25 64 93
31 10 2
20 23 13
77 3 7
71 36 42
68 50 96
61 94 84
79 37 24
70 31 49
60 93 68
74 48 93
50 21 66
73 1 53
58 12 94
8 99 27
67 31 92
1 14 55
5 37 18
6 4 57
73 74 5
54 34 51
55 71 96
95 94 20
46 48 27
35 48 13
93 69 57
27 12 20
2 20 88
79 92 26
50 40 7
40 67 35
60 18 0
79 40 99
96 18 1
48 42 1
35 90 18
16 35 28
45 69 0
68 14 86
47 39 54
82 58 21
21 52 71
71 15 31
11 20 64
86 50 99
43 8 14
39 19 43
42 44 41
56 61 32
80 58 53
64 51 60
34 25 44
67 68 99
63 40 92
44 54 6
87 22 62
6 21 15
22 89 100
0 42 87
77 37 44
8 11 30
58 93 59
12 100 99
13 17 71
77 7 59
61 67 62
11 96 23
9 38 68
43 72 23
28 64 88
78 50 16
17 55 64
29 55 59
19 87 97
61 71 74
72 8 62
28 46 72
22 87 59
26 1 88
31 69 99
5 94 2
65 72 81
69 28 52
72 23 72
13 85 5
69 65 82
68 20 16
77 80 16
19 58 35
67 41 62
88 9 66
24 6 71
74 99 87
19 27 18
100 31 68
45 19 38
81 31 73
100 95 95
97 71 64
90 45 99
52 57 29
12 50 71
90 8 50
52 33 20
43 76 65
67 37 1
98 25 44
37 32 77
39 79 45
2 95 78
75 34 55
11 58 18
54 18 45
0 8 38
94 19 33
95 98 37
40 70 43
67 94 85
12 85 26
84 80 53
10 19 62
57 36 32
98 43 17
92 21 25
92 22 89
94 85 76
36 56 14
95 66 18
53 13 0
91 24 87
4 88 91
49 20 23
67 94 32
19 57 100
42 78 76
18 86 25
28 28 31
39 24 35
23 51 48
84 84 62
5 60 58
4 63 67
18 74 28
52 56 78
35 52 31
21 24 68
99 52 93
82 25 59
61 88 9
96 84 91
37 75 27
27 61 13
93 65 81
99 97 65
9 87 50
93 42 92
5 92 25
51 64 36
94 51 58
15 92 63
70 45 25
6 90 52
25 39 6
28 75 67
48 78 73
31 50 81
85 13 87
25 77 73
88 95 42
90 73 1
76 9 30
77 83 76
82 3 64
95 36 27
30 16 62
24 87 45
14 42 24
7 89 67
7 72 2
92 10 26
26 52 46
78 65 25
85 89 68
12 55 45
63 38 31
94 71 41
85 32 84
80 34 12
51 73 27
77 43 50
47 74 19
53 98 59
12 57 44
23 95 43
31 10 95
4 81 11
92 38 18
41 43 70
25 67 20
3 93 94
86 10 30
22 100 13
51 7 56
100 37 88
72 6 100
76 95 62
10 24 55
1 44 41
85 33 90
19 98 72
49 56 57
66 46 29
79 22 47
91 76 28
96 61 44
18 17 72
50 27 93
90 21 66
87 73 100
75 64 85
30 2 21
26 4 15
95 49 47
67 94 99
73 24 93
100 70 80
9 85 74
82 65 12
63 86 18
13 52 81
51 100 99
11 2 64
100 86 74
59 80 24
34 26 40
68 28 38
91 55 12
99 67 18
69 43 36
62 68 3
85 44 85
97 58 87
56 44 90
13 97 28
74 27 48
73 56 75
50 37 23
16 26 56
69 3 89
57 35 68
69 6 79
80 68 35
41 5 35
12 66 48
75 28 79
52 97 40
92 49 96
26 12 5
80 98 46
74 72 36
90 49 23
70 72 16
35 100 75
29 21 42
55 40 43
47 100 40
93 79 23
24 38 81
14 71 20
40 14 8
90 86 66
85 81 79
10 47 15
97 48 52
97 74 67
23 71 42
72 57 81
29 24 10
42 59 72
76 11 52
79 97 36
74 23 14
77 64 64
20 18 91
58 2 77
62 3 93
10 42 9
62 76 47
23 34 81
45 37 34
13 39 33
47 91 20
95 7 20
2 58 97
93 47 77
22 34 79
89 99 13
67 85 33
64 38 69
68 7 29
76 27 68
32 16 86
20 45 89
98 41 48
32 45 77
87 83 21
41 34 95
11 96 70
0 65 78
39 4 73
33 78 16
18 82 60
85 34 9
38 0 43
73 60 65
49 24 5
95 16 24
15 74 59
80 4 64
8 23 18
37 67 11
17 35 86
70 4 66
21 69 3
65 18 98
61 58 90
32 23 87
74 5 57
99 66 36
4 62 2
53 83 90
59 79 65
100 17 67
81 31 66
83 97 82
87 18 72
5 83 12
39 78 44
39 15 45
73 52 2
24 26 52
79 22 45
11 27 88
19 13 63
18 74 21
54 74 68
86 75 28
54 87 32
44 24 70
84 48 11
59 52 99
39 10 90
47 76 68
12 59 20
14 36 85
100 81 95
0 90 39
8 52 49
19 15 35
1 93 69
97 5 24
25 51 27
36 20 21
60 65 27
60 40 43
90 19 97
34 41 93
83 43 60
16 45 58
63 75 20
14 66 40
72 83 10
100 23 30
42 26 25
79 24 84
63 32 32
60 86 17
4 65 20
59 76 36
37 7 10
80 34 86
79 77 6
5 92 41
72 48 86
85 19 9
91 97 98
45 22 67
78 35 73
47 47 27
80 39 6
93 65 80
95 33 13
27 82 38
30 73 54
25 90 83
9 27 83
28 30 4
91 77 100
77 47 30
68 16 55
83 49 50
100 86 5
10 83 68
12 30 25
53 43 22
60 38 59
17 50 52
75 44 79
57 11 1
21 94 78
72 2 40
80 3 21
67 7 1
52 58 4
91 54 78
60 36 70
36 57 28
36 37 97
21 66 38
50 56 62
20 99 71
20 37 66
67 96 66
18 0 7
76 99 74
25 74 25
10 20 25
89 38 42
98 1 73
28 61 28
96 19 1
79 72 51
5 64 21
42 2 8
76 8 25
63 55 89
44 68 36
39 2 84
67 12 51
29 78 2
49 34 73
59 32 75
52 16 97
46 62 16
84 67 86
88 95 24
11 19 52
71 45 54
93 85 91
22 9 68
24 61 81
63 35 25
85 28 61
80 85 5
18 14 57
12 37 50
59 48 29
26 71 37
56 31 40
89 31 44
68 16 37
7 62 54
100 33 31
58 13 8
77 91 90
19 75 32
7 87 60
18 15 60
28 56 76
83 23 48
94 71 43
61 57 39
46 68 76
78 53 85
72 20 29
68 62 20
14 14 7
6 22 30
35 11 100
64 37 26
59 34 42
30 97 54
66 6 82
73 12 27
72 26 90
91 40 95
60 48 71
61 92 16
10 5 83
23 4 25
2 12 40
38 84 95
79 73 71
0 62 93
55 44 0
36 5 2
3 57 38
80 79 34
35 25 72
56 89 9
26 59 89
37 37 53
31 25 7
6 85 76
59 94 0
71 55 61
56 9 99
13 94 12
63 0 16
78 25 35
83 62 93
57 42 14
98 74 74
64 52 10
8 100 8
19 31 91
6 62 29
40 33 61
46 98 43
40 63 31
35 47 84
17 86 48
39 90 34
89 3 3
49 61 89
82 60 65
24 31 83
62 26 22
4 61 12
81 58 23
50 17 97
77 94 79
11 77 18
22 45 41
97 73 22
48 88 76
16 37 19
13 61 11
14 8 89
65 52 87
19 42 76
50 93 9
31 57 39
13 95 48
63 16 69
17 69 19
1 2 96
65 59 18
93 97 80
20 19 78
30 8 98
98 18 55
67 63 4
68 39 47
60 2 51
21 84 51
47 64 58
8 21 81
55 56 31
72 43 72
90 1 89
24 26 21
78 75 80
18 66 67
77 76 19
83 80 16
6 43 24
29 41 96
89 67 76
73 7 52
53 17 45
53 1 6
6 75 89
77 2 28
39 20 4
0 99 80
90 61 72
33 38 97
17 6 27
55 56 4
17 84 96
2 56 23
19 75 86
57 89 97
29 26 21
4 13 30
35 26 16
81 92 72
51 85 2
96 83 65
91 49 48
64 95 66
99 49 22
83 68 30
49 98 89
18 14 29
42 84 4
49 66 87
61 70 10
25 91 84
64 36 77
75 45 43
79 99 57
53 99 39
27 54 100
78 25 55
8 99 81
47 37 13
61 4 47
80 91 28
74 77 10
58 94 83
0 56 14
63 2 20
92 36 60
15 28 44
75 56 59
14 85 45
53 6 19
8 96 88
91 34 3
59 61 47
88 21 36
82 21 36
56 41 58
30 47 19
71 91 28
23 77 52
76 7 67
95 77 49
27 35 92
29 71 24
44 39 6
2 17 48
48 69 75
45 80 33
67 31 94
78 23 14
7 68 51
10 87 86
17 59 77
84 1 83
37 13 91
69 47 28
89 51 87
45 44 53
61 59 20
62 100 21
40 38 75
11 83 94
81 81 1
56 22 48
62 15 92
42 17 89
73 7 13
14 77 40
75 19 89
78 29 54
25 60 25
87 22 29
70 47 83
36 44 59
44 90 81
92 43 37
77 58 11
53 69 44
94 84 29
23 61 36
59 46 22
38 17 90
19 68 57
26 60 83
57 6 34
83 96 52
79 75 49
6 21 3
76 73 33
6 36 50
45 23 37
84 31 0
97 76 44
54 80 27
88 89 26
13 0 59
10 51 42
100 65 25
97 25 55
24 66 68
40 52 69
15 18 53
58 73 60
36 62 16
9 92 72
61 23 77
16 7 35
42 61 92
23 1 70
94 14 34
66 69 61
62 85 12
48 21 98
53 64 97
7 91 8
59 81 57
83 43 72
32 99 52
46 21 91
70 50 12
26 44 55
21 14 45
86 55 83
33 32 90
42 86 21
97 45 11
35 15 40
85 29 55
49 60 13
2 62 24
68 15 98
8 70 2
68 62 29
82 76 31
76 28 18
45 23 82
90 56 37
84 84 64
80 32 99
38 0 33
50 5 80
49 5 57
94 84 32
59 52 96
72 81 68
69 67 68
36 28 19
91 78 22
8 79 13
10 62 81
48 18 56
85 42 29
37 95 10
18 60 74
49 85 44
47 3 90
64 97 50
57 32 47
33 63 79
64 99 98
39 19 31
80 12 27
76 89 76
9 41 32
74 90 49
7 43 70
90 0 53
44 38 64
57 73 18
61 77 74
77 59 47
13 78 59
91 50 31
71 95 66
10 2 43
82 66 77
47 75 93
6 79 28
65 9 95
95 5 15
9 24 6
31 64 63
86 32 69
100 61 58
1 19 85
54 59 74
15 31 10
27 29 78
76 95 35
27 18 49
81 68 48
2 82 21
56 16 35
84 59 51
36 93 42
41 34 69
92 87 69
15 77 77
33 93 55
46 50 3
94 82 43
36 12 74
81 81 82
19 41 45
71 29 31
100 61 91
96 91 15
94 30 18
29 56 48
73 41 70
10 56 76
2 41 34
18 30 100
70 37 87
93 65 42
90 18 0
79 89 30
86 77 31
91 44 72
17 70 83
40 52 17
56 38 69
38 38 59
60 28 15
77 46 48
72 46 88
65 99 50
53 17 0
53 18 93
95 57 97
11 28 51
44 61 21
5 31 35
37 77 23
75 40 95
8 22 13
86 20 22
25 63 3
20 17 81
21 80 37
53 44 90
100 89 11
57 34 41
48 68 44
13 35 94
55 55 84
20 90 15
22 52 17
21 69 83
41 36 33
51 93 48
66 69 69
74 39 83
6 53 38
32 59 77
37 28 27
49 36 2
12 7 14
17 47 11
97 6 36
38 80 55
96 21 85
52 63 92
11 20 42
79 1 29
35 64 39
25 94 51
82 76 69
35 46 80
17 20 43
48 23 63
66 21 81
33 76 88
48 14 96
16 16 36
56 22 56
100 5 75
46 44 62
99 25 7
9 48 52
61 1 22
19 55 15
40 73 34
82 5 91
55 85 22
22 3 1
16 29 72
85 47 88
56 7 5
0 85 16
16 17 52
38 44 50
10 51 57
48 46 80
88 80 77
35 92 4
92 12 74
100 70 88
12 77 71
85 5 17
74 53 97
37 73 16
88 12 12
17 4 37
78 13 36
79 47 57
10 73 55
12 50 19
74 75 38
56 4 87
5 38 29
25 91 5
12 37 22
61 97 84
72 63 66
19 95 82
75 87 62
70 79 86
71 12 41
22 36 15
73 60 84
92 96 80
43 100 45
35 5 66
22 53 71
30 21 100
97 41 74
82 9 72
49 86 57
70 23 90
27 96 80
24 82 35
75 92 89
25 34 66
53 76 69
23 26 82
61 52 43
96 63 78
47 82 17
2 16 76
0 82 54
3 73 18
65 55 18
42 38 23
23 2 70
49 14 23
87 8 68
66 78 84
73 73 19
33 13 54
30 0 58
97 36 69
89 42 38
96 73 49
58 33 34
49 5 40
85 7 92
0 4 45
5 68 86
13 40 52
89 53 65
2 61 61
0 48 1
53 71 57
53 96 87
40 41 20
50 80 55
70 70 87
9 80 86
74 30 55
89 78 79
16 70 56
93 31 54
97 28 41
50 92 89
71 94 3
24 17 22
10 10 33
35 35 79
96 86 14
100 12 71
63 47 81
12 3 92
30 99 51
38 95 36
50 31 61
95 15 65
43 25 69
22 50 75
6 67 71
33 82 54
90 81 39
31 67 67
52 38 18
19 46 33
38 59 84
40 84 57
94 88 15
17 65 16
80 59 99
13 34 81
100 19 75
34 76 62
92 38 30
33 46 18
26 46 6
79 22 6
5 31 20
82 94 48
100 21 4
42 52 85
58 19 27
24 47 86
59 86 23
93 23 21
77 96 93
96 81 59
37 30 98
97 67 85
70 39 49
64 30 11
92 76 40
31 12 43
66 26 69
89 100 45
0 42 94
98 82 19
25 85 37
28 75 1
60 7 26
55 60 48
30 8 18
59 29 43
76 93 72
87 71 7
67 99 44
6 2 3
28 58 5
64 26 4
60 71 85
85 66 55
69 58 43
8 91 99
64 85 27
1 42 66
10 18 75
38 16 88
9 41 35
45 25 71
35 92 12
92 58 55
12 14 48
52 24 38
75 84 58
69 31 67
65 20 61
87 16 65
0 80 10
60 27 73
78 97 46
8 16 94
90 89 99
99 99 55
94 34 75
55 74 15
19 4 51
73 28 0
29 95 8
1 64 27
78 65 39
51 27 52
66 46 11
18 30 95
1 95 44
97 53 22
26 98 96
73 10 18
89 4 42
8 92 45
28 7 68
32 77 47
54 57 50
18 59 99
29 41 92
31 53 54
27 83 35
50 72 6
46 90 35
9 31 46
49 63 38
15 68 52
57 92 1
43 39 29
85 47 54
85 60 50
56 23 54
59 68 6
15 55 9
56 93 41
81 52 54
75 35 99
82 95 4
0 54 54
0 95 86
44 62 71
78 10 7
4 21 29
47 70 19
54 34 98
13 58 56
8 11 37
15 97 76
60 16 34
30 86 46
86 79 36
40 79 72
61 21 77
9 48 96
71 12 35
39 36 85
55 24 93
26 95 4
84 41 32
33 94 17
42 47 53
83 8 1
90 82 13
36 20 43
41 35 11
94 93 76
91 35 30
56 89 4
18 36 75
43 100 65
55 37 99
42 68 3
6 72 86
65 46 91
76 14 37
1 90 96
48 23 94
37 76 40
92 91 91
77 86 73
33 90 58
71 15 7
73 63 6
10 48 89
89 76 89
61 97 90
29 80 96
53 5 13
57 38 18
14 26 98
11 79 90
61 59 56
73 29 11
98 41 12
44 5 58
84 62 69
21 14 80
26 14 66
36 63 30
64 59 18
20 12 47
54 30 54
15 9 94
77 76 79
86 63 12
72 62 100
90 64 95
0 41 96
100 29 55
8 82 31
60 29 11
99 93 73
71 8 4
84 89 74
83 68 49
77 24 31
48 50 61
73 28 44
60 58 35
10 15 41
42 48 68
63 99 41
1 12 15
16 27 16
61 72 100
52 68 89
62 65 39
11 65 2
40 14 85
27 63 72
41 97 14
89 85 5
31 26 8
30 36 42
59 7 100
45 74 79
86 30 3
35 36 42
56 27 35
66 18 58
14 33 66
95 98 49
4 58 85
37 11 17
97 30 84
60 50 59
45 33 61
42 89 12
4 18 54
12 26 73
100 80 12
26 71 42
48 11 36
38 13 13
40 50 1
4 74 87
46 93 47
89 22 21
14 5 32
72 38 86
33 32 73
38 60 44
91 37 61
89 81 52
1 38 60
5 20 23
71 60 100
11 88 45
2 5 28
92 82 15
79 55 54
2 65 67
12 30 59
28 41 33
52 86 48
28 19 92
1 52 73
36 23 53
90 21 57
49 45 50
7 42 93
40 71 97
33 35 79
42 65 20
74 77 62
20 52 58
37 57 57
4 9 94
72 49 32
99 81 59
8 65 62
87 48 74
62 74 58
57 44 37
40 9 62
11 41 94
10 80 21
80 13 74
82 50 12
36 91 87
15 9 23
64 3 33
62 52 60
95 61 32
59 14 12
75 75 10
3 36 46
34 85 79
12 60 79
16 37 16
86 78 94
18 23 41
39 36 78
8 29 32
37 7 21
10 61 80
75 42 50
44 98 2
17 50 36
31 15 55
39 56 35
24 73 89
43 41 66
58 31 36
64 52 78
42 33 10
58 78 98
6 99 46
55 54 87
1 57 27
68 26 84
46 83 58
80 45 49
73 52 13
50 19 19
9 97 82
33 19 97
67 10 27
23 66 19
40 46 77
39 89 63
22 66 48
13 14 1
76 1 75
52 20 56
62 89 9
23 91 54
33 71 39
11 82 6
18 26 84
15 0 61
10 18 82
7 29 16
15 12 21
32 77 30
11 73 57
17 54 30
89 3 65
39 16 79
84 8 14
90 18 29
99 63 19
44 79 48
82 97 53
34 20 39
98 40 19
71 24 3
69 26 50
32 70 74
11 48 0
94 62 44
71 88 10
81 42 23
99 19 58
81 83 56
2 25 77
3 95 38
81 41 38
18 17 80
12 17 98
11 66 77
18 59 49
96 73 61
19 15 4
38 69 6
97 68 92
70 76 21
56 12 88
90 80 5
69 11 54
46 83 71
44 19 55
84 47 11
3 82 47
70 33 67
89 93 10
8 64 38
1 0 3
92 61 51
43 58 36
95 14 21
68 40 86
31 87 20
62 21 5
6 26 75
38 69 62
5 1 46
28 77 18
18 16 54
81 14 65
28 34 28
1 41 58
96 98 74
24 11 25
2 45 64
80 52 63
7 29 5
59 91 61
95 75 29
10 7 85
62 75 39
4 28 42
12 70 31
47 3 2
51 84 58
28 65 27
67 45 94
57 77 83
59 9 14
2 27 36
65 3 36
19 5 18
77 16 39
16 80 62
1 20 97
29 34 1
77 40 86
1 62 7
36 13 22
43 87 53
13 3 8
14 6 49
64 33 7
65 71 24
51 28 24
83 0 12
35 88 12
16 98 85
5 69 72
86 2 26
40 82 36
46 16 71
19 34 47
8 48 42
95 28 88
54 25 85
67 74 25
64 44 73
33 59 61
26 69 5
75 73 66
66 62 89
39 6 16
61 49 8
36 96 88
58 3 76
15 32 79
27 56 8
35 5 21
19 64 60
28 57 90
70 100 83
18 41 70
36 73 33
25 11 78
3 63 82
74 35 25
58 36 56
22 28 66
56 0 24
13 29 9
8 79 55
98 97 51
89 56 43
17 32 72
19 82 58
66 0 25
75 31 5
30 87 21
20 65 66
15 65 28
60 49 2
29 2 1
52 25 81
77 38 94
15 65 67
0 45 6
40 99 12
77 50 31
24 49 50
14 49 45
39 19 86
24 68 1
2 49 86
81 86 81
83 49 81
4 11 6
76 62 29
67 54 9
82 17 91
2 87 73
86 49 82
39 50 61
82 81 82
38 77 72
0 57 53
0 79 69
90 19 8
67 100 91
65 34 34
19 9 100
14 43 56
64 13 44
34 42 37
28 96 98
10 53 78
51 46 75
97 49 80
90 69 94
93 96 27
79 62 32
8 100 7
5 33 3
63 18 100
77 34 38
83 52 36
46 38 6
70 99 95
11 33 14
46 43 70
86 88 58
88 48 69
55 53 49
84 64 6
80 45 27
21 94 78
35 15 79
13 41 66
84 89 20
74 53 14
18 75 72
38 97 2
96 83 2
15 31 73
21 3 84
21 0 74
60 88 3
14 60 3
18 73 34
45 81 92
34 86 97
36 79 96
32 91 8
68 89 89
14 100 56
51 100 61
65 54 69
88 4 97
66 83 70
15 38 91
19 28 99
33 67 30
51 44 41
80 68 88
0 41 75
87 93 13
47 95 86
9 14 97
10 32 78
98 14 20
87 43 19
50 23 32
1 30 31
12 17 51
65 65 81
37 71 86
19 32 71
44 65 34
51 3 4
54 66 86
48 62 95
50 44 27
39 29 39
40 2 93
13 74 9
54 21 3
4 95 89
3 5 47
25 65 90
18 95 25
59 17 32
77 58 64
63 2 82
38 68 95
36 67 34
32 17 49
100 45 27
77 17 82
23 27 78
78 54 4
78 26 65
34 68 9
84 86 30
58 6 89
21 66 32
9 62 96
51 38 17
77 8 74
38 62 40
38 50 11
92 92 31
33 36 44
80 3 49
33 21 34
41 88 63
54 48 44
16 38 68
32 92 29
87 89 55
8 58 68
74 15 31
59 37 100
35 86 13
44 84 49
81 99 82
88 25 7
78 35 35
77 33 0
39 41 90
85 16 67
26 52 78
3 5 61
97 11 60
98 13 85
10 80 98
16 37 46
6 4 53
40 34 48
63 73 98
63 82 100
6 84 18
77 12 22
82 18 94
11 72 53
33 1 79
44 12 78
60 22 88
60 64 15
24 72 49
19 67 60
99 54 79
81 81 48
57 47 8
61 23 18
91 11 67
43 43 79
91 73 93
89 45 94
9 64 26
59 94 48
3 63 69
55 31 61
54 36 5
47 32 23
18 47 78
32 61 37
16 40 80
23 86 37
46 96 60
74 88 53
53 38 1
33 20 48
99 6 72
42 39 76
85 61 89
18 79 96
87 42 52
67 75 46
7 7 82
93 25 98
12 65 1
43 59 47
67 89 54
93 3 61
15 15 66
68 40 31
50 79 38
51 0 48
56 87 36
28 69 23
41 16 100
38 29 89
64 2 20
81 44 48
97 4 89
44 8 14
42 98 12
49 35 90
97 17 4
83 14 74
65 56 6
41 26 4
49 89 98
45 12 0
81 87 100
16 93 73
3 99 7
44 8 52
86 35 9
91 55 63
6 89 15
75 8 5
4 53 66
55 95 67
32 39 99
44 88 81
90 55 34
71 54 6
57 86 77
21 21 53
59 90 23
7 62 94
65 92 64
45 2 80
68 44 43
43 70 49
0 7 87
96 92 99
15 72 82
99 65 48
60 95 26
75 44 83
46 39 75
48 66 32
5 6 60
5 70 80
68 83 14
88 31 50
32 5 28
46 48 99
15 71 22
59 39 0
41 9 7
56 39 78
13 76 5
46 72 53
97 98 88
77 46 30
74 40 79
76 98 92
22 98 81
57 54 69
45 49 48
7 38 60
55 68 52
8 81 81
11 17 23
98 5 87
87 100 8
21 40 46
31 40 96
55 93 32
64 7 54
18 31 93
97 68 78
88 99 1
69 88 96
0 18 71
7 11 33
86 36 24
79 34 39
53 90 79
61 66 19
68 92 10
97 88 100
87 88 36
57 20 23
30 64 100
73 26 80
18 24 90
77 99 32
78 69 70
5 28 81
40 27 67
21 20 39
1 25 89
31 86 21
43 36 53
26 79 76
76 43 9
17 16 8
94 5 71
19 74 91
60 6 76
1 23 36
93 23 36
94 3 73
72 84 13
66 42 29
21 67 3
65 25 100
92 69 70
40 30 11
95 70 59
91 3 31
10 16 6
29 7 61
0 7 25
88 89 42
35 30 24
66 90 57
98 40 88
44 54 90
77 60 16
66 84 56
1 58 16
99 20 52
67 9 76
28 49 43
8 17 6
14 10 46
24 83 57
73 80 33
61 40 95
67 80 49
95 22 71
93 36 34
31 29 38
40 18 31
30 76 61
15 37 51
82 34 12
85 91 33
13 39 91
66 28 74
71 65 48
84 63 47
76 81 53
28 58 27
20 19 73
19 72 24
81 31 2
63 88 59
10 78 98
79 97 44
87 28 99
37 5 91
7 71 80
10 11 75
26 78 4
70 14 14
88 21 96
92 62 24
51 30 5
78 41 90
21 79 50
43 36 67
63 44 64
77 55 23
39 91 21
40 78 29
51 21 42
94 54 69
44 12 90
57 22 95
23 14 32
59 2 35
96 49 62
46 33 70
77 4 93
22 96 96
18 14 73
43 66 81
57 86 70
31 59 8
71 38 11
66 100 5
0 54 63
95 15 58
3 92 1
5 58 35
61 78 55
18 26 2
25 6 93
98 19 15
96 61 33
41 78 7
52 26 50
76 67 89
96 36 44
2 56 60
35 99 30
47 4 98
55 78 8
92 58 80
6 17 6
77 37 77
20 33 68
28 59 18
40 93 57
54 30 94
49 87 74
75 48 52
33 9 46
8 68 77
34 1 86
72 88 26
2 0 6
48 60 88
82 85 62
88 50 23
97 57 39
24 73 97
0 71 93
18 12 86
32 7 2
99 39 70
15 42 45
47 11 31
79 99 34
82 43 82
90 91 45
28 20 11
53 33 51
59 13 85
81 52 43
45 100 17
59 33 74
74 98 99
42 66 85
50 12 73
59 67 12
51 62 39
1 50 10
63 100 31
65 79 50
47 23 83
50 26 68
11 38 86
91 5 68
92 99 59
86 73 68
67 46 100
60 44 30
87 26 90
76 64 57
35 2 69
81 64 1
62 57 65
56 8 34
54 35 85
19 96 8
16 40 53
82 85 11
62 51 75
81 80 5
13 90 40
55 30 80
77 59 29
27 58 12
26 83 17
93 70 71
93 98 2
95 22 22
51 95 29
32 10 92
79 51 72
49 77 66
48 92 96
25 86 4
85 67 3
88 84 82
90 63 6
70 97 4
85 70 48
16 40 49
84 94 37
66 35 10
27 49 39
67 64 58
48 92 69
24 100 90
88 9 97
58 72 31
94 79 42
31 3 62
34 2 0
80 14 89
2 99 72
66 24 73
25 30 89
30 15 83
71 50 24
60 88 98
50 41 7
73 71 38
38 84 89
54 63 2
59 14 35
44 29 45
94 68 89
60 89 29
77 66 36
17 42 36
49 80 2
50 58 31
51 99 76
78 5 84
29 38 45
64 21 20
35 12 28
76 28 85
75 28 20
73 68 46
66 100 98
53 8 2
16 95 59
24 12 70
58 63 36
81 5 41
46 29 45
2 38 43
73 75 71
19 56 12
68 85 91
52 80 37
8 8 32
21 70 94
77 45 56
15 28 4
14 73 41
13 29 18
54 62 75
24 77 12
70 76 38
3 21 24
57 2 6
34 4 97
50 11 83
95 11 46
42 41 8
99 47 21
35 16 62
32 39 100
30 79 3
12 15 49
64 50 41
16 69 28
26 15 18
14 9 35
83 67 26
16 23 49
87 97 29
2 56 57
46 2 9
42 41 9
35 4 13
6 19 33
21 23 57
48 0 46
89 100 74
22 77 8
98 67 15
56 84 43
7 73 2
68 76 28
92 73 4
43 68 85
1 64 65
88 0 45
7 14 58
9 22 97
43 29 36
12 10 50
27 47 77
18 13 91
83 92 74
45 8 17
28 54 99
21 74 27
80 27 46
4 66 18
47 88 90
43 74 60
84 42 65
5 99 77
73 3 7
78 2 52
29 89 95
84 72 84
48 64 36
9 14 90
66 66 99
42 86 16
79 52 16
7 82 56
65 61 43
23 57 20
83 12 98
44 3 58
10 10 86
24 69 41
10 85 96
41 94 100
32 18 42
41 23 82
47 70 26
74 60 69
58 83 31
90 65 39
50 28 74
78 55 0
53 5 16
42 10 78
63 64 34
22 68 9
19 84 34
53 97 98
99 82 95
58 99 10
65 4 90
25 70 16
14 83 31
28 1 76
23 59 32
75 44 12
86 95 38
93 26 20
39 88 7
90 80 78
22 100 94
29 26 89
22 38 44
15 87 54
3 85 81
61 74 52
13 42 63
31 43 83
69 86 87
8 46 59
7 51 94
54 72 48
37 47 76
28 40 16
87 86 74
80 61 12
75 65 3
82 62 51
91 70 84
35 2 50
23 89 68
77 55 69
91 94 63
52 65 3
72 42 21
45 41 3
63 4 4
48 61 26
48 91 92
31 88 67
38 63 83
93 2 83
22 28 82
93 39 25
2 41 7
81 83 48
89 19 91
29 66 35
96 22 5
68 86 43
47 0 5
90 19 47
53 5 33
49 5 14
99 1 93
10 14 23
53 51 8
84 75 9
7 58 46
23 48 26
75 68 27
56 19 16
8 56 83
50 11 91
3 74 42
1 94 41
77 66 78
67 58 77
24 65 33
55 69 24
9 80 67
79 63 63
15 41 8
95 2 53
92 32 47
83 36 62
74 66 70
85 8 7
86 94 61
87 59 97
64 55 92
6 81 24
13 87 53
11 86 65
97 7 27
87 69 44
58 6 84
41 17 66
87 100 37
43 32 39
37 82 68
47 67 82
6 32 24
99 46 55
16 74 87
13 91 22
92 91 95
44 9 56
53 1 73
62 28 99
47 28 54
32 96 53
17 29 12
67 76 58
13 95 78
25 41 99
46 20 16
52 60 51
96 69 14
9 8 66
12 40 6
65 52 67
66 11 88
23 62 89
38 21 73
12 43 33
86 28 9
87 13 93
41 22 18
40 41 30
98 62 55
87 50 73
6 89 32
81 17 22
47 37 38
16 60 17
67 2 76
96 25 65
3 11 80
34 39 2
61 42 5
9 73 33
24 8 57
76 48 17
78 61 12
36 48 58
26 28 89
98 24 65
10 54 100
48 42 94
85 89 52
13 95 49
92 33 91
47 15 56
82 81 21
34 20 13
30 18 63
72 81 34
16 66 88
67 1 92
88 36 52
6 66 52
61 30 97
10 94 8
38 45 39
8 21 42
82 84 59
11 78 3
98 47 91
17 79 82
10 34 81
36 52 35
40 19 42
60 49 80
19 43 94
73 70 92
52 71 43
60 85 62
94 18 66
91 63 91
18 83 90
51 19 93
84 47 25
39 84 18
60 21 35
80 87 88
40 40 44
81 62 100
62 24 58
54 80 7
90 54 55
94 45 24
86 93 50
78 21 93
81 54 73
78 73 2
48 75 2
31 61 52
66 100 9
30 49 80
88 8 68
79 21 24
43 42 61
97 19 94
26 57 20
65 73 52
35 94 73
82 27 98
18 65 39
91 74 36
0 32 67
67 48 46
56 96 21
78 64 39
5 74 63
96 6 71
56 33 41
28 87 78
74 41 30
14 38 52
59 82 53
9 80 85
70 40 22
95 35 52
34 63 93
37 82 83
70 62 92
3 81 66
75 29 63
17 23 55
11 89 97
81 94 30
47 19 86
28 98 5
78 14 19
1 29 1
18 11 57
59 39 9
16 17 4
83 26 50
59 54 27
89 1 87
71 86 19
24 50 44
29 14 25
94 50 58
30 95 25
75 26 96
45 42 14
81 36 56
95 11 62
26 71 1
23 21 23
90 100 55
65 65 14
83 90 29
94 63 97
3 61 90
73 67 24
59 90 39
8 57 72
37 59 96
26 86 15
60 23 5
30 96 18
50 31 39
86 54 94
0 27 96
11 35 73
21 60 72
47 70 15
41 62 97
54 29 13
34 37 30
29 49 12
18 9 96
27 53 32
87 44 90
22 61 57
48 58 74
72 82 50
61 52 89
29 94 18
44 87 37
84 13 55
13 19 56
80 80 1
92 59 56
38 93 36
34 27 92
83 1 37
96 52 20
93 40 7
44 94 97
60 44 78
80 87 5
37 10 85
20 4 31
26 43 88
17 73 60
80 56 25
58 26 38
82 56 78
27 43 24
58 40 18
57 19 20
50 1 90
98 82 83
88 20 69
6 17 50
43 79 35
57 29 66
4 22 48
42 49 9
84 79 98
94 54 46
3 3 64
74 52 27
46 63 25
43 90 15
87 50 11
32 89 50
54 72 79
2 69 18
33 55 61
81 86 66
1 4 53
44 12 19
95 8 52
51 35 1
65 81 68
65 74 2
33 10 83
89 18 88
86 94 45
85 40 65
13 93 99
66 0 80
40 7 88
34 10 1
15 58 4
12 61 100
84 60 64
22 58 95
29 80 88
30 70 79
12 59 8
9 28 15
86 2 20
62 15 54
35 41 15
62 94 22
76 6 94
68 53 62
17 76 74
22 55 60
47 53 6
83 42 3
10 71 12
58 52 18
34 32 93
46 89 5
43 55 99
70 93 59
8 10 87
91 92 26
95 26 49
77 20 90
91 9 14
31 13 13
68 49 35
58 25 49
52 44 45
38 40 47
72 17 95
80 99 33
6 83 5
70 23 49
28 88 97
23 39 60
66 85 31
40 63 95
3 86 88
75 79 44
84 91 18
86 11 95
52 66 88
53 71 82
100 8 73
20 61 26
0 87 42
88 52 66
42 11 99
46 23 25
77 12 5
98 9 54
31 64 89
56 7 84
27 47 51
38 73 89
5 37 5
90 5 6
36 100 30
3 44 62
75 49 13
72 56 2
33 12 36
23 31 33
97 90 91
98 4 87
67 6 43
19 60 25
94 29 20
40 93 30
60 73 90
69 29 81
76 99 39
85 22 38
86 47 62
100 47 38
83 88 29
2 89 97
69 21 86
44 38 27
53 16 23
24 8 67
3 3 28
24 62 49
54 11 81
0 48 25
13 91 11
96 81 74
31 24 70
26 35 11
40 47 63
19 43 65
30 35 99
16 42 37
23 64 12
39 28 65
89 13 4
39 63 81
82 62 68
35 93 24
36 54 21
98 24 9
13 36 40
66 12 69
93 44 0
79 15 9
48 65 34
37 62 7
8 36 43
40 74 35
39 55 35
43 16 82
28 48 25
63 74 3
66 71 52
19 33 53
65 87 66
88 98 77
97 88 49
33 93 20
14 90 99
63 0 7
77 12 47
77 57 67
26 0 16
1 37 10
21 83 5
14 29 38
90 26 30
15 72 3
59 2 57
4 13 28
2 53 52
15 81 90
100 46 16
59 31 93
58 51 38
51 87 62
4 43 51
50 64 56
98 4 65
55 88 55
90 4 50
90 86 22
74 17 39
63 42 61
52 24 32
66 34 44
88 59 4
64 4 9
60 4 43
40 23 53
33 10 28
10 56 9
49 34 89
74 35 75
69 36 53
58 40 100
61 50 43
85 79 51
7 24 70
13 78 51
20 35 90
28 43 21
76 70 41
24 6 57
78 40 40
30 25 18
44 61 36
89 49 16
68 21 11
60 3 93
81 80 14
100 32 26
69 26 51
60 11 12
57 97 4
21 34 62
86 13 15
83 64 15
29 46 96
74 91 40
85 65 74
51 67 32
50 44 44
75 83 2
79 96 20
44 28 69
26 66 5
74 16 14
18 14 23
100 35 54
21 7 43
93 51 100
61 2 38
31 30 4
84 40 88
43 47 15
79 96 7
67 1 1
21 70 69
15 52 20
100 70 91
44 77 68
37 25 82
67 16 68
65 74 46
21 99 74
100 69 53
23 0 25
52 86 31
15 38 84
73 45 52
80 16 60
35 85 92
46 13 67
16 39 9
41 73 52
52 72 7
92 3 87
33 8 99
20 46 23
80 17 92
44 46 17
12 45 5
22 60 51
99 74 85
21 56 46
69 79 73
74 72 73
44 56 12
0 15 34
78 1 12
31 0 0
6 95 3
90 7 16
15 100 68
81 80 100
20 9 30
90 41 38
85 89 62
50 15 36
69 50 99
77 30 58
85 89 54
68 27 35
45 37 39
22 29 89
98 26 49
84 58 91
44 65 55
44 73 46
64 18 80
26 2 12
46 70 64
75 42 17
50 34 1
23 28 34
53 41 63
29 28 73
31 94 35
77 7 83
42 48 10
24 48 58
15 80 38
45 70 54
76 12 31
21 64 17
57 66 13
76 72 2
48 5 84
35 60 58
9 23 13
59 20 63
2 19 94
60 28 83
23 71 9
25 21 50
18 89 83
12 64 34
20 95 90
86 71 91
32 100 91
66 19 57
69 83 13
78 47 43
99 53 1
37 90 9
47 0 82
62 77 98
37 23 86
12 59 69
18 38 94
80 32 44
67 21 70
32 16 91
38 58 5
85 61 70
66 35 61
75 31 77
37 51 60
44 26 91
31 48 4
81 10 62
72 0 68
13 74 98
68 39 10
40 9 51
27 40 37
12 55 90
26 86 37
16 46 63
66 31 81
93 68 91
89 28 35
35 71 9
82 98 31
76 49 51
76 37 36
68 34 85
1 26 41
28 98 20
66 18 33
51 61 1
61 48 69
71 0 16
13 96 51
67 17 1
51 88 80
30 0 51
14 76 34
37 96 58
0 91 29
51 87 93
89 86 48
3 31 2
18 15 91
100 57 56
25 83 98
63 78 79
1 16 26
0 48 31
67 32 75
17 85 97
77 23 90
2 89 55
61 36 32
9 73 95
84 78 89
89 54 3
56 10 92
33 48 39
16 21 13
17 63 13
90 95 48
65 62 40
66 94 74
52 83 64
70 26 38
16 28 38
19 92 59
7 29 24
50 6 54
96 1 96
43 40 57
73 13 41
88 52 72
86 94 50
76 79 49
96 79 37
71 46 53
6 42 100
59 45 4
19 98 10
96 24 26
21 95 64
96 86 60
2 30 44
72 12 20
86 25 33
70 34 14
59 67 29
14 37 15
19 5 92
20 39 34
47 59 18
63 12 26
41 48 65
24 95 82
93 85 37
39 96 64
84 75 41
23 64 2
8 100 9
6 45 93
30 52 35
24 16 18
0 2 17
28 33 48
88 96 41
6 100 91
85 2 63
62 8 41
67 53 45
79 51 44
25 32 65
4 28 81
17 88 14
26 20 97
16 56 70
20 6 4
72 33 0
81 23 48
70 85 71
70 8 47
40 38 9
78 74 28
40 86 27
32 34 60
91 6 29
16 3 33
23 60 61
78 9 75
64 40 97
55 53 48
77 0 27
19 13 45
45 64 26
57 18 30
83 52 44
85 95 50
54 27 18
43 29 21
60 75 25
32 72 34
72 35 31
33 17 54
76 17 37
44 90 41
62 84 20
84 27 40
59 16 27
98 13 96
11 15 87
27 24 66
92 52 94
48 98 53
1 39 96
33 50 72
99 79 41
33 24 30
50 42 88
93 69 49
85 97 38
85 54 76
9 9 73
41 68 38
58 82 3
47 24 12
14 1 1
17 65 93
38 53 53
85 59 11
62 2 88
77 6 83
89 55 8
33 66 58
36 70 18
62 98 13
55 32 1
31 81 58
91 38 43
45 90 77
27 69 50
12 31 59
65 49 39
25 81 92
48 4 47
93 1 88
99 56 89
67 91 29
16 34 18
63 52 89
96 1 31
51 14 10
35 44 86
13 29 17
8 51 17
38 43 4
8 59 65
66 62 6
92 100 48
78 94 88
56 86 87
39 85 81
36 85 76
43 53 20
92 29 54
38 40 0
25 87 50
54 3 59
48 96 63
25 98 96
69 17 84
28 82 41
20 1 39
93 59 66
82 56 89
89 43 41
68 83 0
70 98 36
54 85 77
86 2 71
23 72 94
98 88 78
10 5 87
60 16 22
56 42 26
98 27 77
76 99 94
57 28 40
2 32 87
85 100 88
70 82 58
89 52 99
71 35 80
86 70 4
63 47 32
8 49 15
8 51 97
82 30 4
57 83 14
21 70 7
10 55 58
84 60 77
38 36 88
28 14 15
17 56 19
31 47 54
39 31 54
6 37 89
16 48 98
29 77 12
12 48 24
99 37 100
42 80 89
59 50 67
78 76 16
77 84 13
33 76 68
88 10 22
5 38 75
13 71 61
81 56 1
61 59 86
52 56 2
27 62 45
41 21 14
16 66 50
83 14 39
24 73 7
99 44 38
88 94 17
62 16 26
14 26 2
69 23 85
88 26 83
11 36 84
82 0 17
34 71 98
50 0 12
68 71 94
8 42 76
3 90 83
78 66 4
92 14 91
15 73 67
85 60 0
30 59 58
87 92 44
42 62 29
20 12 83
57 21 36
63 32 99
25 93 41
89 24 34
0 19 79
68 6 58
73 42 49
55 25 31
50 65 70
32 78 87
60 46 59
73 2 6
29 15 12
51 78 71
63 92 44
48 58 29
4 69 96
94 4 46
97 67 23
32 69 51
80 73 97
51 29 67
89 99 27
12 22 36
33 75 71
55 22 84
7 45 28
2 53 44
30 83 50
13 36 92
32 45 82
73 90 0
94 13 59
46 13 66
21 82 3
8 31 80
99 65 69
84 0 68
62 86 25
89 4 16
76 35 88
46 34 31
98 75 6
21 44 68
24 57 87
59 54 78
33 78 59
47 96 96
99 93 14
34 42 29
29 98 46
11 29 90
96 66 99
38 19 47
64 39 81
37 5 97
9 23 2
68 89 32
13 16 31
35 0 10
10 4 5
10 20 7
47 62 67
29 69 84
53 92 46
70 19 40
51 44 6
42 54 57
42 24 38
90 9 91
80 8 90
42 78 74
6 18 0
64 35 89
68 8 19
80 44 56
73 54 26
47 7 4
15 32 98
31 34 33
75 77 83
57 42 35
47 60 44
50 25 54
52 36 46
5 12 22
75 64 44
87 61 17
21 71 61
44 83 57
64 37 12
49 24 30
40 53 82
0 28 13
22 23 79
29 13 12
74 17 98
40 55 63
48 83 54
12 81 65
36 31 48
46 49 41
48 18 27
46 43 83
25 35 81
29 37 54
12 38 46
67 17 72
46 30 60
12 18 76
92 38 25
27 4 94
49 33 72
5 34 48
34 80 24
32 17 4
21 5 6
53 37 92
11 31 36
84 74 87
64 57 25
55 81 43
60 98 58
81 16 47
67 93 18
90 87 29
77 43 51
83 35 12
8 89 31
65 62 14
78 31 11
52 83 29
48 21 12
93 6 64
55 60 19
15 13 97
29 30 41
88 23 4
35 69 53
47 33 12
36 14 36
22 91 8
26 14 31
72 99 20
51 88 42
51 27 41
9 24 41
75 76 72
8 10 10
61 26 84
74 82 72
65 60 97
90 32 3
7 69 26
47 45 99
68 83 41
43 14 75
3 57 46
75 56 87
57 94 11
76 27 63
68 61 64
91 78 10
8 89 42
67 76 8
8 13 58
85 67 89
52 81 13
39 75 70
30 53 76
38 92 51
77 88 86
40 37 97
11 7 68
7 85 62
19 88 71
93 61 24
12 13 95
73 3 85
21 98 25
54 35 41
92 26 15
26 92 54
38 57 54
33 29 47
36 97 60
1 29 61
63 8 60
10 45 7
54 68 12
95 4 46
46 40 85
69 25 83
4 68 75
68 38 10
43 7 92
67 80 53
26 32 24
98 68 41
56 86 23
46 64 98
97 25 27
41 39 78
82 3 36
2 75 96
7 35 99
69 52 59
92 45 51
56 28 54
44 4 96
26 28 3
29 50 1
73 80 4
20 86 98
88 39 35
53 64 55
43 19 38
52 52 80
28 80 70
54 97 34
16 69 62
19 10 47
6 53 70
46 59 12
0 67 11
38 21 43
34 16 94
75 62 32
62 36 99
18 54 4
50 27 53
10 27 88
10 29 31
97 17 10
20 15 82
2 58 78
60 64 49
51 86 37
74 55 21
11 93 12
34 58 8
68 21 96
63 77 25
70 11 74
100 18 87
59 67 73
66 29 69
58 56 44
48 85 77
39 5 98
63 31 33
11 57 17
41 18 41
15 61 83
60 14 70
20 53 29
1 50 13
100 40 60
19 56 46
5 1 89
80 20 20
37 0 82
8 42 24
46 27 44
19 15 59
76 2 12
44 95 51
47 11 6
50 46 84
21 28 12
5 25 2
31 43 21
92 88 52
58 50 24
15 45 39
15 43 29
17 60 22
87 37 26
68 55 35
33 26 23
92 45 74
61 60 88
86 28 73
95 100 46
70 27 96
25 39 67
44 51 68
93 0 21
82 97 82
42 36 51
77 58 90
25 87 22
14 86 90
2 38 12
88 62 56
17 68 3
71 5 3
82 61 69
17 52 75
85 37 42
94 48 18
65 36 33
97 84 8
14 1 35
28 38 36
73 60 3
93 26 67
78 19 47
14 72 2
79 18 98
20 5 38
39 91 56
28 87 90
48 59 91
92 46 90
56 18 81
66 34 72
58 39 58
24 45 72
13 88 19
65 21 27
50 44 35
52 81 17
7 48 62
34 71 54
73 47 22
86 69 45
81 80 69
91 6 30
20 82 51
81 33 79
51 92 85
22 62 55
52 9 66
5 47 90
26 31 59
92 50 30
93 9 4
74 44 92
58 28 20
24 80 81
21 94 27
74 2 96
97 80 38
39 82 8
40 22 97
90 58 89
40 61 49
10 80 80
61 29 31
5 18 44
88 46 13
89 52 18
93 81 7
48 97 33
84 56 76
84 76 88
64 69 83
77 25 43
19 70 98
72 49 20
89 20 66
89 11 90
87 86 48
95 78 72
93 37 94
26 51 77
15 76 56
66 38 45
39 84 62
12 33 19
94 52 21
60 58 74
24 60 86
30 73 96
97 3 81
88 22 93
49 40 85
23 7 23
71 72 61
74 6 12
93 89 19
59 50 71
82 40 39
71 42 38
34 11 71
39 48 55
53 78 42
70 92 13
37 43 1
18 41 28
30 20 100
21 91 100
0 25 12
98 1 29
11 58 38
83 91 87
20 67 54
77 40 71
75 24 48
2 6 23
83 60 19
34 42 71
14 14 49
51 12 85
80 60 54
14 56 50
29 77 87
95 85 3
17 63 73
20 55 24
21 70 65
5 49 11
48 1 35
61 46 24
28 42 93
43 82 15
66 69 64
1 49 53
19 11 79
18 68 77
72 71 34
60 21 93
11 77 26
28 11 22
59 69 25
91 48 65
37 14 31
96 30 97
80 16 12
67 91 43
81 27 93
70 73 49
98 83 8
8 80 2
29 25 83
50 36 5
5 50 28
31 6 98
68 60 73
92 11 19
22 99 70
51 15 94
98 6 20
29 56 86
93 97 84
1 0 31
34 56 4
64 28 93
100 79 46
12 99 26
9 75 26
32 56 50
23 23 63
18 47 7
89 2 91
39 31 74
25 15 32
87 96 54
25 88 84
88 54 35
54 52 35
90 18 32
55 70 17
60 37 67
73 46 44
36 22 18
52 61 25
81 99 52
56 47 62
78 46 33
33 5 48
7 84 2
55 57 21
2 75 15
44 95 67
32 68 36
84 30 93
73 91 86
4 4 77
59 22 16
75 78 38
66 95 26
55 3 52
34 56 95
74 3 25
15 49 62
99 96 53
94 81 26
9 55 50
72 73 59
57 23 19
5 52 15
8 95 15
14 28 47
43 29 29
76 23 38
30 67 87
89 61 71
76 25 63
91 71 79
40 69 80
34 45 79
70 14 22
24 40 63
100 62 5
53 90 5
98 13 71
63 39 91
80 3 20
81 8 11
15 87 0
24 72 3
66 20 87
13 80 5
67 56 2
5 25 68
88 89 73
29 37 52
82 59 89
19 71 39
23 14 22
94 6 77
65 94 0
43 18 32
76 39 4
94 62 23
51 28 50
6 35 9
53 45 19
99 0 1
86 32 92
86 85 76
19 4 17
44 79 80
37 77 67
85 21 68
82 86 97
61 61 55
84 25 34
75 60 9
88 79 67
80 0 99
13 94 72
70 21 16
7 61 40
96 65 52
4 61 38
22 13 81
97 23 30
88 70 74
62 72 49
97 52 44
24 97 6
56 85 9
74 38 2
100 65 73
69 69 65
28 9 7
68 95 60
95 3 15
25 70 90
97 3 1
46 69 47
51 76 57
8 76 71
3 76 53
96 31 41
80 29 99
62 81 70
77 29 17
68 94 16
54 92 93
28 29 2
92 31 21
46 78 88
42 85 76
80 59 58
94 18 2
51 74 12
93 84 6
69 44 64
51 42 7
4 75 60
47 41 3
87 47 30
11 76 91
85 10 37
6 76 35
27 37 76
29 84 29
55 48 74
23 82 76
23 56 65
75 2 51
27 90 44
89 25 73
62 45 62
44 40 26
89 64 66
46 86 98
59 23 14
65 80 24
47 18 83
79 15 19
59 77 14
30 31 96
44 24 50
89 14 60
21 98 30
20 38 38
92 48 90
43 35 85
42 45 37
53 82 29
62 57 79
32 24 81
19 88 10
80 49 19
51 47 40
44 13 80
13 46 30
3 2 75
87 41 23
74 50 28
95 0 5
83 45 92
32 87 68
80 16 66
58 50 58
65 96 98
61 53 64
44 52 93
83 82 21
48 68 23
71 70 40
75 56 48
48 70 57
49 93 77
26 23 63
39 17 65
63 96 43
5 77 49
50 34 87
77 82 37
81 92 1
29 11 29
27 40 94
27 27 54
90 77 56
87 47 23
59 96 30
41 25 21
16 21 89
34 63 57
65 88 86
10 25 67
63 47 64
84 90 87
90 97 27
7 81 48
55 14 63
0 48 3
27 79 47
74 72 99
15 50 74
7 7 84
20 76 92
29 0 20
60 45 87
21 30 46
95 43 19
37 50 85
49 99 61
93 88 41
86 36 61
45 39 78
83 95 35
13 45 65
37 51 11
75 53 46
80 55 27
69 10 39
30 74 37
72 20 80
61 24 72
0 54 56
22 37 85
23 79 34
25 6 28
90 11 17
90 95 68
47 8 23
24 50 73
81 65 25
3 1 45
80 43 18
13 14 94
69 93 94
60 44 76
49 67 23
25 57 43
3 51 86
8 26 29
63 39 75
16 41 52
14 67 99
47 88 79
3 15 44
60 22 17
16 33 64
57 52 57
0 62 54
95 86 48
55 20 22
25 83 84
46 11 44
43 43 14
92 57 36
46 98 45
3 33 53
27 72 35
23 43 98
42 13 92
79 34 19
89 40 63
58 90 94
45 52 32
43 57 70
11 41 35
88 65 2
100 53 31
60 4 14
1 58 10
0 54 14
54 35 94
42 21 47
2 85 6
88 52 81
66 90 60
43 19 10
63 16 10
90 15 24
35 64 13
30 66 60
66 38 61
56 90 60
63 20 5
35 44 96
22 67 63
59 32 59
51 100 12
35 68 25
43 85 0
25 98 33
9 22 8
59 0 57
69 56 13
65 49 71
97 75 75
59 31 29
15 64 46
65 93 8
86 50 49
20 24 30
69 75 100
27 75 65
6 81 28
80 29 75
6 83 23
62 52 40
19 10 64
57 21 44
65 50 78
3 14 68
50 87 97
73 31 77
17 35 18
75 27 15
16 28 77
87 35 39
57 90 34
51 46 15
52 35 61
4 55 36
38 10 33
68 80 35
43 48 26
5 48 80
79 100 85
27 14 85
70 38 9
92 50 74
20 21 9
56 42 99
13 97 85
24 38 0
47 79 80
51 95 97
21 79 38
67 76 29
73 11 63
57 90 44
33 35 74
31 93 22
9 37 53
83 42 87
8 81 39
61 74 62
74 7 91
25 30 88
33 55 39
66 94 15
72 60 5
38 85 33
94 42 70
77 34 16
36 37 18
64 30 60
17 43 47
28 23 70
59 27 25
94 53 92
63 94 8
89 81 98
39 21 57
37 54 96
57 34 20
83 63 78
9 55 31
59 20 23
71 91 77
49 72 56
92 43 66
53 58 83
2 28 97
97 97 74
33 11 71
0 72 43
58 42 22
42 9 43
8 53 58
26 22 36
84 67 14
61 86 48
59 0 21
98 42 38
18 50 35
35 72 98
52 49 5
14 82 56
58 74 39
25 17 46
74 31 70
8 21 0
18 81 58
96 71 52
60 64 100
26 93 40
26 19 64
42 4 66
38 94 64
78 64 100
85 13 68
40 36 89
14 70 62
88 52 6
81 25 21
23 10 50
27 2 50
12 33 10
3 69 25
31 6 84
9 60 62
10 41 12
17 66 51
75 70 6
6 79 85
90 35 86
84 80 42
83 13 86
73 6 67
82 47 7
36 87 0
3 26 3
11 87 51
80 42 20
33 44 36
55 35 34
45 73 41
56 67 93
23 76 60
95 84 22
57 96 76
26 57 33
3 49 14
81 0 32
37 23 20
44 91 1
89 73 7
93 48 96
22 18 64
97 14 1
7 52 80
13 97 84
54 99 80
69 95 13
89 12 77
90 76 17
69 20 12
22 27 55
74 0 21
97 31 85
47 66 64
83 53 57
47 43 5
55 47 23
86 13 86
11 59 43
4 77 80
50 27 69
58 8 75
19 59 31
55 10 7
24 13 23
96 10 58
77 97 62
99 32 34
81 77 50
61 58 42
76 53 56
8 44 91
12 34 79
28 94 34
81 97 74
59 72 15
56 29 22
68 21 12
37 80 86
88 90 46
92 53 12
14 8 92
17 17 36
88 84 78
20 21 3
84 94 98
96 30 96
91 72 11
68 38 63
49 49 35
43 79 72
1 3 14
7 58 69
41 10 76
23 18 69
95 30 58
7 64 43
98 58 94
67 100 33
26 59 47
77 89 6
88 21 37
41 75 6
45 83 37
48 45 3
25 65 31
3 27 78
49 57 80
27 56 5
91 57 19
25 43 7
85 98 24
59 81 90
61 87 23
55 56 93
66 37 92
68 3 21
37 61 13
69 33 36
90 72 45
75 33 73
65 73 75
37 71 81
34 58 40
61 40 65
65 14 24
64 53 10
65 82 29
35 54 62
29 60 89
98 19 92
40 4 21
59 8 83
24 53 34
53 76 69
96 99 46
13 14 12
74 14 4
52 72 21
80 40 99
89 29 40
10 31 87
41 10 8
8 60 26
72 86 100
37 13 66
17 70 68
35 70 17
79 37 5
51 53 40
83 75 22
15 24 57
58 53 29
77 38 19
39 14 68
69 15 32
75 92 99
89 76 20
64 85 63
78 22 53
65 60 26
84 52 67
9 13 10
81 59 70
4 25 48
23 50 14
86 17 74
62 75 74
0 8 15
58 51 39
53 18 38
39 90 69
46 84 95
3 90 89
10 100 77
0 24 80
47 27 56
11 90 48
1 65 60
79 73 42
63 92 54
87 57 96
48 82 61
75 68 34
44 38 44
68 56 15
40 63 58
32 91 40
80 18 60
20 77 16
95 62 70
28 80 53
28 50 34
47 62 50
22 65 28
18 35 67
98 48 100
39 11 35
71 92 44
12 18 28
19 11 68
31 32 82
40 34 32
60 19 77
45 3 92
20 60 8
46 20 20
64 55 96
2 36 12
62 90 56
4 68 53
95 52 11
86 76 6
50 74 47
17 95 21
24 65 78
55 0 66
31 26 94
58 80 32
31 100 46
20 0 52
82 4 53
38 21 90
12 8 80
33 51 6
3 41 100
49 2 15
78 6 88
9 25 93
87 63 3
98 89 25
20 48 15
57 9 11
42 26 33
56 4 75
86 48 13
55 14 15
44 21 35
48 18 68
78 40 4
96 35 58
6 79 47
31 12 41
92 2 32
93 21 64
8 53 85
61 24 62
97 5 82
1 44 67
100 19 39
77 78 99
18 51 3
24 38 39
30 56 10
25 96 3
9 74 6
36 35 88
45 90 68
12 92 78
11 38 56
65 75 27
72 66 62
60 82 91
83 53 47
46 34 64
6 50 22
9 24 8
47 74 71
90 38 51
16 61 80
1 88 81
17 22 24
38 4 18
29 46 90
6 95 90
53 1 43
59 74 41
62 67 3
6 97 33
6 33 50
54 30 99
16 80 10
42 59 32
60 100 44
73 14 40
37 81 88
57 50 97
74 11 21
98 36 28
64 78 31
0 46 8
73 41 97
16 38 65
2 61 89
63 48 80
55 61 93
84 65 67
7 47 22
1 95 55
15 9 46
59 76 99
84 15 73
54 90 66
47 87 79
82 73 86
54 29 69
52 77 87
60 85 56
70 84 99
25 27 21
40 35 2
87 78 73
62 69 20
18 24 23
13 20 93
49 48 73
34 95 22
22 48 62
35 43 2
25 40 14
57 32 32
1 64 81
52 46 95
29 19 39
40 94 78
46 72 67
73 76 6
19 44 0
86 41 57
11 49 46
59 49 40
80 47 94
84 99 60
81 91 37
64 0 25
10 29 92
66 14 4
27 81 71
53 40 38
20 33 75
82 46 23
17 66 4
93 94 47
33 80 16
22 71 45
55 57 4
83 38 93
37 34 84
40 11 80
6 10 61
23 24 44
3 90 23
69 50 11
98 81 21
58 90 98
76 22 59
26 33 56
14 55 46
57 24 4
46 68 2
43 48 6
21 4 95
1 73 13
8 27 47
55 0 51
16 98 34
6 10 62
46 57 6
35 18 96
9 51 18
91 73 26
2 67 46
17 5 38
49 67 11
24 39 72
82 60 18
94 52 35
72 26 55
82 78 18
43 57 73
84 21 52
59 56 75
96 70 49
41 3 91
68 74 44
0 59 72
45 42 71
5 48 90
34 28 77
27 50 24
85 10 69
1 42 53
9 29 11
6 20 52
70 17 61
18 93 68
33 59 92
88 58 14
92 22 15
95 19 81
83 65 50
98 55 26
24 71 51
86 6 34
86 74 90
86 37 93
84 37 4
82 100 96
67 74 33
65 95 87
78 57 36
33 48 98
94 20 36
7 8 16
18 10 24
5 64 13
34 93 58
69 47 8
50 71 12
85 86 57
50 90 35
2 89 92
8 65 73
84 73 77
60 77 3
9 59 3
43 94 73
50 78 50
5 31 59
84 86 34
10 12 84
7 63 10
90 39 7
25 17 90
97 21 22
20 22 38
94 90 29
1 7 65
91 40 91
40 60 48
25 100 4
30 73 12
5 12 23
69 44 3
13 71 91
69 75 60
41 7 48
28 54 28
66 84 92
31 95 78
75 12 3
37 73 57
27 96 94
50 69 30
60 45 64
87 77 35
99 71 54
62 43 61
83 35 63
2 52 48
13 86 45
64 34 3
43 12 88
54 18 72
33 81 87
27 12 61
83 92 33
13 4 72
86 71 8
11 14 7
67 98 39
22 57 42
56 9 67
70 96 75
4 90 30
44 17 98
54 18 85
78 95 2
46 19 65
92 37 39
70 42 89
53 53 41
72 78 93
67 93 65
90 92 50
54 85 2
38 53 53
37 85 13
38 66 54
10 100 95
83 27 69
32 2 65
39 87 87
23 64 63
43 9 65
26 84 8
32 69 33
43 82 53
98 95 47
89 74 51
77 62 40
96 48 89
36 33 90
74 93 71
38 6 1
29 90 27
28 10 74
33 42 89
40 19 80
13 78 77
86 79 81
40 4 87
27 52 63
23 44 71
2 28 55
13 64 70
88 18 86
27 50 60
60 74 13
55 9 22
80 62 34
24 67 86
21 44 45
79 93 14
76 65 95
72 0 51
65 77 45
8 27 91
14 50 38
70 15 2
79 70 95
37 29 83
82 74 4
63 50 46
93 24 48
88 35 19
40 30 29
74 96 82
76 90 55
72 85 75
35 36 20
47 26 64
16 73 47
11 45 24
52 56 61
57 94 12
38 91 23
65 23 9
70 74 71
3 31 6
42 94 63
52 65 42
16 92 4
69 86 32
9 39 12
83 92 50
74 21 65
65 79 34
21 75 47
77 30 24
39 63 6
84 73 48
44 14 64
9 5 35
55 13 87
97 54 22
78 22 35
96 11 74
36 34 62
39 11 20
16 77 73
63 3 72
60 18 40
64 34 82
66 59 51
19 44 44
6 45 69
8 28 56
56 23 10
89 27 23
38 1 91
48 4 65
6 13 15
76 58 46
90 61 23
19 13 46
85 17 76
42 1 23
35 93 81
63 86 35
26 60 82
87 57 29
15 6 92
88 62 99
17 96 39
67 8 62
75 42 60
71 48 49
3 90 51
5 41 70
90 8 38
56 97 39
68 73 66
67 59 84
2 36 30
54 22 94
47 11 85
73 30 62
45 11 95
26 90 28
100 68 43
44 94 53
35 6 31
86 96 10
29 58 26
53 10 19
43 24 63
91 65 50
32 3 51
38 86 3
50 42 57
14 28 37
67 21 65
100 83 62
54 12 70
78 45 33
19 39 2
0 55 51
77 71 25
62 26 85
71 47 12
75 45 10
56 22 73
9 65 48
14 11 30
61 60 76
34 1 55
40 31 32
94 15 86
59 85 74
24 52 86
72 21 48
51 11 31
96 76 0
90 25 8
56 53 63
62 100 91
15 42 26
100 21 85
51 43 85
51 41 24
98 42 51
45 13 80
86 41 3
76 28 58
9 9 2
45 40 13
48 59 32
35 94 19
45 90 50
67 67 99
61 5 46
8 29 59
97 70 25
51 5 20
78 79 58
35 50 98
46 51 58
40 63 67
16 98 92
50 71 27
27 30 90
93 65 35
13 38 71
28 34 39
62 86 47
97 82 13
33 21 12
98 50 61
30 82 17
43 70 33
21 38 58
42 27 95
27 17 28
17 61 93
88 4 87
98 24 1
80 53 57
39 71 14
45 28 2
16 59 68
19 36 94
74 36 27
82 85 73
33 54 45
13 89 23
13 33 14
53 84 63
90 7 4
12 22 45
16 8 46
12 37 86
63 35 43
47 73 56
91 40 38
46 43 97
16 38 1
33 14 98
79 6 21
52 8 51
90 6 25
44 89 50
47 59 32
90 25 35
20 33 57
82 3 100
34 78 43
36 82 79
24 37 98
48 9 58
22 73 4
25 5 9
7 11 97
40 66 51
13 8 33
65 11 56
35 84 49
44 29 27
53 83 82
64 58 58
14 83 64
90 69 9
42 37 5
28 59 37
83 93 90
27 45 43
4 39 4
47 12 55
6 33 49
70 57 40
13 13 53
93 75 64
52 97 77
52 75 35
77 12 55
11 98 99
93 41 92
42 85 34
74 83 81
93 1 16
34 38 94
59 76 14
96 30 95
28 76 29
20 20 35
42 42 94
39 38 49
100 44 6
5 95 7
46 60 8
47 49 16
62 50 66
29 64 63
8 20 59
67 72 98
100 83 1
74 85 95
78 78 3
25 56 57
17 67 74
13 5 40
90 13 87
17 56 43
94 46 15
10 15 98
86 50 37
45 26 85
82 62 98
59 92 76
0 94 2
98 75 35
77 1 76
78 97 29
22 45 9
70 5 76
16 7 55
15 60 68
26 30 95
61 2 56
64 78 41
50 33 62
25 59 96
87 2 61
72 57 7
45 21 99
70 11 73
51 87 54
19 33 0
15 11 66
35 41 2
23 90 57
38 55 8
75 47 46
24 3 85
8 51 75
86 0 5
93 59 18
66 7 2
13 14 44
62 14 84
29 51 97
10 65 67
81 20 62
56 26 53
37 52 23
68 8 59
87 46 31
35 16 94
22 71 65
11 88 89
73 65 4
95 12 12
20 61 76
64 21 53
1 88 71
51 100 78
56 86 95
89 66 19
82 100 30
73 48 33
32 97 100
38 32 99
26 53 99
60 14 72
67 17 32
19 22 29
84 45 42
57 80 83
87 97 4
8 10 17
45 82 1
53 22 35
22 78 14
93 12 3
65 12 53
45 73 6
93 4 22
17 97 49
64 61 71
53 19 19
76 42 6
70 19 42
22 65 81
32 49 65
38 6 30
52 22 72
80 37 63
85 34 25
76 99 1
81 0 15
16 34 87
73 70 62
6 68 12
48 90 17
58 51 16
73 97 47
58 78 95
34 27 30
13 7 13
0 66 44
38 8 26
52 77 76
71 48 39
66 10 44
64 76 57
25 55 94
22 81 46
74 61 74
85 65 39
44 41 48
68 6 94
8 48 68
8 56 87
4 22 96
99 100 7
22 91 22
74 2 83
2 92 23
29 89 52
24 0 86
58 3 81
45 91 35
79 12 85
96 52 42
37 80 41
78 48 11
84 33 8
74 13 18
97 72 39
56 9 43
35 45 88
10 74 97
94 90 56
38 20 11
5 79 43
51 64 60
76 32 19
60 13 95
32 22 26
5 91 84
14 72 91
98 54 47
13 41 12
33 49 85
28 27 96
16 84 21
87 18 43
52 23 57
8 52 52
18 1 90
79 37 15
3 26 79
48 97 64
82 34 58
67 65 56
60 98 21
24 98 81
29 56 12
52 67 25
60 34 97
98 47 55
57 67 71
11 31 95
73 57 65
17 5 46
88 56 27
74 31 13
83 12 2
72 79 83
59 88 48
61 16 62
17 10 47
38 65 55
64 17 65
4 69 44
70 57 33
84 9 65
21 49 9
72 34 16
61 55 78
85 69 93
51 22 93
33 71 53
39 0 11
59 93 66
62 90 7
99 19 81
50 32 39
26 35 21
28 72 79
82 64 39
79 74 6
72 75 45
96 26 78
18 69 62
32 51 97
28 66 51
29 66 62
17 78 83
59 57 93
76 30 26
43 83 74
72 11 98
95 83 21
71 98 30
91 39 97
50 55 89
88 36 0
32 61 10
18 2 39
22 91 58
55 46 70
45 85 4
91 4 33
56 76 92
12 80 45
96 2 100
68 20 69
66 43 94
78 64 14
16 86 86
18 41 35
14 28 62
30 31 31
19 15 80
44 37 71
45 37 66
92 56 32
6 64 74
55 72 68
70 35 93
3 0 92
20 90 66
60 4 9
82 93 18
51 59 10
31 50 77
35 85 67
38 66 53
48 39 19
64 47 14
95 16 4
17 50 56
67 7 83
94 99 93
3 28 26
49 59 91
88 69 100
45 26 17
43 66 72
14 40 3
88 50 71
70 60 11
97 16 2
53 79 82
71 37 65
67 25 12
29 97 18
77 43 9
46 78 1
77 6 65
18 53 78
10 28 82
67 3 90
45 56 78
1 99 21
92 69 41
76 30 88
52 4 88
60 100 67
28 16 10
70 46 93
39 55 89
64 82 35
63 62 60
9 72 89
1 10 41
49 84 23
59 59 5
11 87 77
75 57 29
54 14 38
87 12 7
42 55 55
19 23 18
34 81 56
90 80 26
94 40 18
7 49 98
52 63 23
40 16 41
35 92 30
92 2 54
99 56 61
98 23 95
76 43 20
99 61 17
43 96 54
45 19 56
90 67 74
68 54 74
19 0 25
46 66 98
64 26 6
54 47 56
10 97 18
92 39 74
18 69 93
32 50 49
92 76 56
38 73 13
97 53 70
86 22 82
15 59 61
22 26 16
49 99 5
1 100 27
12 71 20
52 0 46
15 100 29
97 71 26
10 71 2
1 69 68
73 8 19
93 28 86
20 10 0
7 49 56
0 85 14
83 29 11
17 35 37
53 47 98
87 18 95
71 78 11
91 15 94
78 35 33
55 77 22
97 69 50
76 46 2
34 91 63
2 91 8
19 45 38
18 90 69
15 2 31
84 49 8
61 89 79
22 82 66
91 92 15
5 20 67
23 95 96
75 19 34
29 55 41
80 80 77
56 6 60
90 60 78
85 83 10
48 32 22
92 33 84
89 46 72
5 79 13
4 21 77
62 78 41
14 1 5
95 47 28
40 17 87
70 43 95
70 42 53
14 47 75
4 26 10
37 10 3
59 24 81
17 82 50
16 40 70
99 7 48
8 24 89
81 52 96
2 10 68
22 68 37
27 57 97
85 11 18
82 97 47
37 62 39
28 3 59
100 62 21
9 58 27
33 68 61
73 61 16
50 30 50
24 33 68
48 24 33
57 89 51
93 91 10
7 92 22
10 46 71
52 14 54
19 31 100
91 86 1
32 41 50
3 17 4
67 13 13
98 33 16
13 14 46
29 100 38
69 71 59
60 12 15
64 37 94
33 4 22
15 71 96
87 91 95
68 96 13
100 63 41
52 12 26
83 29 63
9 35 9
0 94 83
90 54 49
54 3 89
81 12 85
58 9 31
59 41 56
54 77 94
92 76 52
15 18 64
75 7 10
36 48 27
98 35 92
90 99 10
90 44 77
18 15 4
11 80 9
3 79 33
65 20 20
89 13 25
9 30 79
27 73 74
97 27 75
95 42 53
10 74 55
43 82 57
93 12 30
18 44 59
80 12 75
63 70 93
39 92 72
72 69 6
11 94 5
29 5 86
5 43 63
29 66 52
62 65 88
70 30 53
56 84 25
92 8 0
54 67 6
87 30 60
47 13 73
13 4 35
73 69 92
29 68 74
51 89 87
71 47 31
91 37 97
70 88 34
71 29 49
15 72 23
36 83 39
92 81 35
35 3 50
70 27 5
6 58 85
50 5 50
88 79 4
4 84 22
73 96 3
69 37 77
34 38 15
14 90 22
69 43 75
54 47 5
68 56 85
47 30 12
77 68 21
78 85 44
52 50 57
96 95 52
69 43 11
45 55 58
53 37 79
19 16 3
18 63 58
74 41 79
16 60 10
88 0 75
13 34 24
86 32 10
96 19 89
48 84 10
96 63 9
92 78 72
19 88 86
97 17 19
65 44 57
32 66 25
11 83 34
50 23 28
44 55 61
26 30 3
18 99 18
24 45 87
82 48 54
10 87 73
33 21 15
74 8 32
75 74 82
78 93 41
32 12 7
85 97 34
84 81 71
100 84 47
41 12 49
23 70 6
2 38 76
24 16 74
12 36 34
56 9 86
8 31 54
9 14 9
98 71 8
75 42 71
16 54 67
50 38 35
67 38 84
44 88 77
13 57 65
17 19 2
80 33 40
81 51 92
73 39 83
1 47 4
64 69 90
73 28 59
38 40 86
53 15 29
63 16 35
12 58 89
72 97 45
80 9 13
45 56 94
54 71 82
51 54 94
39 31 62
80 75 81
56 38 29
13 26 55
25 50 100
35 5 57
65 22 98
80 36 52
21 16 69
27 12 57
60 82 17
3 31 46
7 54 25
19 80 74
14 3 52
38 23 63
22 83 25
98 36 12
9 40 12
84 44 55
88 91 85
4 87 66
23 8 0
97 68 89
1 39 55
94 76 77
5 51 60
22 29 15
7 95 89
57 62 78
84 24 65
91 96 81
99 81 55
11 62 54
49 69 15
45 74 89
63 47 54
20 96 39
18 89 90
42 24 17
7 78 9
81 18 78
95 99 63
58 18 5
72 97 43
90 77 17
26 41 11
70 50 54
47 9 92
62 50 20
55 95 78
60 2 7
35 11 38
50 55 83
54 95 97
64 81 56
96 44 0
27 70 36
93 61 64
3 57 64
99 43 42
70 75 2
73 73 2
13 21 66
52 86 41
57 2 98
39 51 79
92 98 83
50 35 97
90 0 83
56 19 21
1 86 98
63 20 21
46 21 38
52 46 4
60 5 18
52 96 95
45 17 62
47 85 70
70 92 74
36 7 7
31 0 70
91 63 41
87 80 67
9 39 61
16 30 67
76 75 94
14 8 46
68 30 93
7 83 49
22 21 63
99 44 19
48 8 9
44 70 93
98 55 80
3 47 44
18 25 35
29 100 7
52 49 3
65 15 0
60 70 6
71 41 21
75 80 0
37 81 44
72 23 18
73 58 82
73 48 26
12 45 95
87 16 88
80 57 44
86 41 8
85 86 63
30 14 80
84 93 16
29 51 48
76 81 56
87 18 10
20 52 88
73 16 4
71 85 79
87 68 45
61 60 30
40 24 33
0 17 93
66 81 15
63 99 53
76 46 87
44 5 45
43 92 72
56 85 59
27 69 75
44 28 42
20 73 3
83 31 73
33 97 14
27 71 31
42 47 95
87 70 51
91 64 67
14 9 45
69 72 76
26 47 12
16 98 13
92 68 98
33 34 61
72 48 69
6 39 37
30 11 99
60 29 76
5 83 87
65 83 91
70 13 19
25 51 79
28 22 31
44 29 78
99 67 8
42 95 56
26 39 34
17 1 62
77 54 60
61 47 43
89 55 67
100 33 49
76 82 78
87 71 29
93 39 76
22 10 42
65 88 61
87 63 13
62 27 65
53 33 22
85 79 50
6 23 73
18 49 76
54 77 7
43 92 56
23 42 21
71 34 45
85 36 35
67 48 99
93 0 77
25 11 36
83 0 5
5 54 69
80 88 54
29 65 39
43 34 1
1 34 28
58 23 6
58 52 47
6 56 11
3 36 100
68 35 49
93 49 92
14 25 50
68 61 34
28 48 87
13 28 80
48 38 55
91 90 59
54 28 34
77 35 9
74 88 62
38 56 86
34 79 97
13 51 47
79 85 2
88 78 65
35 37 50
14 64 70
49 25 42
48 25 74
2 94 9
76 63 9
97 93 38
33 93 90
95 11 13
32 28 67
70 61 77
71 97 14
78 11 13
5 8 60
100 40 43
40 95 50
16 10 88
2 67 51
41 26 5
41 71 21
15 28 46
37 76 80
64 62 60
15 80 39
72 54 23
1 14 35
19 73 66
69 46 26
31 79 41
83 77 94
12 60 49
8 4 43
18 89 23
15 68 33
24 60 82
19 58 11
25 88 28
7 32 82
44 61 57
50 19 19
37 26 67
7 99 63
52 33 49
78 33 56
65 67 56
33 16 100
87 4 48
92 15 61
30 44 50
81 100 11
45 80 13
65 35 74
1 7 48
29 36 45
27 61 12
52 31 37
16 78 34
52 73 46
9 36 86
95 24 16
47 72 41
94 77 57
25 24 77
47 80 99
46 23 50
4 65 78
46 82 80
62 39 25
6 41 49
39 38 100
99 0 48
84 35 17
93 3 92
17 23 12
74 35 21
100 37 66
9 62 74
29 23 95
33 83 18
90 99 56
44 87 54
66 53 76
58 97 39
19 43 68
28 60 13
22 47 30
41 63 92
14 89 61
0 7 40
81 97 39
60 52 74
26 81 27
58 51 98
99 12 67
92 22 31
57 9 0
84 4 97
44 22 42
30 50 32
24 26 53
66 14 19
16 23 10
50 16 52
50 69 2
100 42 16
73 38 81
56 96 95
80 60 71
5 58 10
36 74 0
20 43 16
71 15 37
98 60 40
92 22 13
25 80 9
34 35 92
77 92 42
73 72 76
67 79 22
33 95 27
83 31 98
42 30 4
41 30 53
54 28 53
85 45 82
46 38 24
44 3 11
52 14 41
89 9 69
92 79 98
31 22 93
61 84 47
78 3 17
98 70 10
33 65 24
93 6 72
71 95 27
17 40 57
100 71 70
0 45 24
71 18 68
96 65 51
75 50 62
70 4 55
66 40 19
94 7 45
86 1 4
18 41 17
30 44 7
55 40 0
14 8 81
54 35 41
47 83 76
96 20 99
73 92 60
94 18 5
76 0 13
99 34 32
61 31 81
50 42 70
54 85 49
6 5 56
61 74 85
93 51 14
88 66 97
81 26 63
32 26 90
88 35 54
43 56 87
100 27 79
63 62 20
24 5 47
24 45 24
91 3 19
27 31 1
83 97 5
16 43 83
97 22 58
1 39 92
20 71 58
39 77 72
63 78 4
52 22 9
52 24 100
26 88 94
79 61 17
31 31 1
66 92 60
47 27 14
29 51 51
69 58 35
80 41 89
21 3 49
82 78 93
77 37 46
66 78 14
99 35 72
5 24 93
29 27 78
38 82 71
73 76 44
73 46 9
10 87 15
2 56 30
14 85 89
85 36 11
56 54 71
63 14 77
97 41 58
20 60 89
61 68 36
52 84 93
58 69 87
8 21 33
81 70 53
45 63 4
86 89 81
91 51 46
32 88 43
46 38 22
62 53 8
95 59 2
8 19 63
32 74 85
99 94 91
72 31 78
98 47 29
89 63 50
26 63 59
7 5 24
27 7 52
51 17 90
95 71 25
67 1 48
61 8 85
60 4 34
88 77 1
27 33 4
54 21 55
35 86 18
56 90 86
99 27 41
21 81 5
34 15 18
24 61 91
25 88 93
75 5 96
86 5 47
43 96 94
6 44 97
68 4 4
59 27 65
54 41 10
21 28 63
12 30 78
84 86 98
56 66 90
9 47 20
75 52 41
23 95 7
16 22 22
80 20 0
48 1 68
91 40 83
49 0 70
16 44 61
59 15 100
10 95 90
18 76 21
21 32 77
47 16 75
69 36 12
70 55 89
76 36 55
77 85 62
41 9 52
17 42 85
78 20 2
43 41 10
94 37 67
35 29 68
63 46 59
48 93 35
65 20 31
37 13 52
90 23 12
59 98 96
98 10 99
97 58 29
89 8 49
87 49 62
25 56 40
100 4 41
83 4 49
99 77 6
23 93 57
29 79 100
4 16 20
0 87 15
48 49 51
95 2 38
85 97 23
22 15 74
81 31 20
18 74 26
24 0 66
89 32 15
52 75 85
60 78 44
81 42 28
9 47 7
94 41 95
51 53 66
89 4 19
72 25 42
37 71 76
17 71 10
67 17 4
41 99 25
81 66 20
63 62 75
36 3 33
37 2 86
42 52 73
61 20 27
3 56 85
18 84 51
30 57 68
74 30 29
46 88 21
23 18 45
62 39 44
49 38 61
28 42 85
24 4 13
71 27 33
45 9 12
96 23 73
58 90 30
28 39 17
3 51 45
93 46 5
43 51 88
12 59 66
25 28 73
1 72 27
96 61 100
10 11 93
24 19 65
84 40 35
43 56 99
45 68 31
73 97 17
27 65 18
67 82 61
35 50 97
1 56 10
99 87 67
51 96 20
6 4 16
44 66 72
78 50 28
14 61 28
51 72 5
55 69 40
51 22 69
33 78 65
85 61 65
59 36 0
33 25 27
96 28 99
99 37 91
39 24 100
12 4 18
18 73 34
0 72 50
59 97 70
68 61 85
71 88 87
30 23 19
45 98 87
45 1 2
10 6 96
13 62 1
53 7 72
42 30 45
71 13 23
68 37 32
34 17 8
51 75 0
44 79 28
82 43 96
53 6 36
96 22 67
88 27 93
7 60 55
84 57 34
60 47 92
43 39 61
13 27 31
44 55 81
95 59 47
52 74 26
38 12 46
62 62 47
93 29 62
98 82 76
47 48 62
17 73 80
59 30 16
73 98 62
35 23 46
53 62 18
79 92 91
87 48 33
26 95 37
62 95 77
94 96 23
40 25 50
74 53 11
46 15 0
55 38 75
3 80 65
69 86 60
46 13 54
74 2 74
67 85 49
73 67 69
23 70 46
6 46 67
53 99 13
75 35 85
37 37 98
6 51 42
1 26 21
4 40 62
34 77 3
40 30 49
17 0 34
64 30 68
42 38 31
22 40 27
44 38 32
88 21 61
50 92 35
70 26 15
55 33 74
12 36 5
85 98 54
43 46 9
32 76 32
21 57 33
65 8 10
19 61 10
11 81 70
70 99 84
18 90 84
5 15 22
72 5 79
42 90 63
76 67 37
9 63 23
7 77 27
92 7 36
37 78 91
10 60 48
86 17 28
24 48 17
33 17 1
19 80 23
46 61 54
12 38 35
55 89 22
23 43 72
9 2 72
42 60 22
92 81 73
87 92 7
21 20 18
28 62 94
21 70 4
57 72 27
88 96 47
62 26 26
16 3 67
46 23 1
37 91 18
14 79 59
88 78 7
1 8 21
90 75 52
18 79 95
10 66 74
84 36 50
40 100 84
85 81 32
65 29 12
95 62 50
42 62 26
26 84 31
50 90 66
33 38 72
57 58 98
21 84 10
83 57 21
94 62 58
77 13 83
79 21 15
8 46 71
8 7 55
31 78 91
18 14 63
38 19 87
78 77 96
13 59 57
93 51 42
57 84 100
25 2 100
82 51 22
20 77 57
20 33 75
8 57 19
88 83 76
14 100 17
58 51 54
89 15 37
59 50 72
36 49 23
4 84 52
70 21 85
62 23 33
10 87 77
77 83 32
55 27 68
38 83 81
11 4 1
44 77 16
93 55 1
62 38 67
70 32 5
71 21 14
41 77 64
72 25 73
58 63 98
97 50 64
9 57 56
12 72 8
68 80 91
40 6 43
99 85 58
38 43 83
23 61 51
75 38 43
62 69 28
47 30 61
5 88 99
59 37 6
64 87 90
3 70 60
42 91 96
90 30 22
20 64 53
76 63 25
9 4 10
45 84 32
69 26 87
67 5 38
73 52 49
24 64 52
2 38 98
77 1 87
11 59 2
6 76 91
61 59 82
4 5 29
7 68 97
60 67 0
47 53 43
42 10 5
47 28 62
37 52 34
8 54 45
26 83 52
13 67 63
45 29 57
2 13 12
41 23 89
65 23 73
85 2 36
19 63 71
88 14 49
100 25 37
46 1 6
9 17 82
94 60 77
39 48 58
31 32 96
87 37 77
82 19 24
57 36 43
14 48 10
9 89 65
2 90 41
92 43 12
13 68 92
68 5 74
25 54 60
1 26 82
2 98 10
34 67 71
97 56 66
57 73 3
43 59 99
78 88 17
45 56 48
86 32 6
62 40 10
63 4 14
56 25 38
27 39 89
48 43 63
35 67 89
0 30 93
67 2 29
35 81 80
2 99 62
96 51 49
6 91 2
25 12 13
30 1 88
53 70 45
57 47 75
95 39 83
92 16 2
87 100 62
69 35 96
35 18 10
63 95 19
89 74 11
76 24 36
73 57 5
47 1 79
52 44 78
74 72 2
10 45 80
43 33 74
8 38 51
5 78 84
89 1 78
65 74 47
30 58 76
98 31 78
32 91 99
15 74 24
5 91 33
13 29 98
54 38 75
0 86 34
41 31 44
45 72 7
45 44 68
7 41 26
69 66 86
41 9 74
84 61 73
29 46 14
30 33 21
91 62 39
96 80 89
100 72 86
51 60 53
23 44 88
29 10 6
68 52 100
99 28 30
97 73 56
52 45 9
11 17 89
19 88 74
39 25 62
53 18 47
35 85 25
98 0 66
57 58 83
6 79 25
78 69 60
55 71 36
0 67 63
92 98 61
9 14 21
16 97 7
8 93 7
6 52 56
81 32 17
75 12 33
75 44 15
36 51 52
83 95 61
28 94 46
44 87 57
35 100 26
16 63 14
17 46 18
99 100 3
36 98 31
80 85 43
16 63 39
50 48 79
4 16 37
13 94 7
54 55 100
45 54 81
93 72 86
49 62 35
31 50 43
39 56 73
25 20 4
67 20 80
3 47 18
73 64 48
29 22 88
23 56 25
75 61 26
59 77 61
11 50 7
93 90 27
8 94 1
88 13 77
39 27 41
27 93 96
75 55 67
83 78 61
39 27 69
4 77 45
37 45 17
54 88 49
34 37 50
93 99 58
43 4 78
7 85 49
6 31 45
6 95 91
68 58 82
18 26 89
47 17 44
58 76 39
87 89 59
43 0 87
14 46 11
38 64 96
53 57 86
63 9 8
28 77 74
45 40 84
63 93 2
25 97 84
94 0 70
2 24 84
97 73 93
7 54 74
32 21 62
17 63 17
87 81 97
65 26 59
29 1 67
100 45 92
78 37 84
16 63 86
72 62 43
84 98 62
68 23 91
66 39 45
23 99 74
49 23 44
28 50 88
46 5 79
52 76 84
75 11 51
87 86 63
7 12 77
70 62 70
74 15 51
79 5 81
65 80 7
8 62 64
6 11 61
41 52 8
73 4 17
36 14 35
94 85 85
50 97 61
33 70 11
87 48 28
68 86 86
48 17 6
6 72 59
76 12 59
17 70 56
52 52 69
0 6 63
63 75 17
57 43 75
90 7 20
2 72 29
21 73 81
36 6 31
51 81 43
15 69 80
19 73 72
4 90 54
34 86 89
3 93 19
58 83 4
82 87 19
32 34 38
40 93 97
46 37 39
48 93 54
5 38 86
46 55 74
1 92 0
16 76 74
46 0 37
68 10 9
70 20 37
73 33 5
26 90 66
82 33 8
72 52 57
57 33 55
18 55 91
48 88 92
84 2 15
17 1 31
91 30 40
87 10 3
37 57 45
33 64 89
12 63 40
88 65 25
97 36 20
97 45 20
14 16 27
86 91 18
46 65 45
27 30 62
23 77 72
42 37 77
92 41 92
42 23 56
22 29 23
29 72 1
0 24 64
82 65 8
32 47 45
59 64 70
69 91 96
28 36 62
12 62 31
79 78 9
72 76 65
61 54 19
83 82 15
5 16 62
74 86 7
75 27 11
20 96 33
57 41 40
34 89 30
63 15 41
20 62 79
23 97 95
96 86 33
97 48 94
83 54 84
88 93 31
15 4 23
56 7 68
80 23 44
95 28 38
15 73 9
10 45 26
81 27 47
26 40 37
36 66 15
93 6 51
60 78 100
82 66 83
32 25 37
35 84 79
34 31 12
78 8 92
41 29 86
68 7 84
25 57 1
4 57 9
95 35 14
75 80 65
65 96 88
1 89 79
64 10 19
85 90 85
57 9 92
85 97 60
35 78 41
92 96 19
71 86 64
23 61 59
18 99 16
85 33 72
49 82 9
80 85 19
27 11 92
33 45 74
53 40 73
94 21 70
22 2 16
10 75 62
73 84 54
0 76 0
91 58 45
74 100 2
32 9 37
39 20 7
59 64 27
71 64 28
55 89 43
20 22 88
14 99 25
52 33 49
37 49 71
28 57 73
62 67 26
72 66 73
37 29 4
64 42 82
53 36 54
21 64 57
41 47 57
56 9 53
18 36 6
85 18 23
19 14 45
24 36 6
26 47 16
70 59 18
91 30 97
10 16 30
0 12 4
64 14 89
26 22 51
50 55 8
7 49 44
26 82 73
30 22 30
2 89 13
78 6 89
90 61 13
90 19 70
3 17 60
6 68 26
2 51 16
16 67 55
31 97 59
18 26 97
54 67 7
47 72 22
28 91 28
97 89 96
13 87 13
19 44 66
15 0 39
96 11 77
23 40 16
44 33 91
28 27 34
60 100 92
84 36 85
73 64 75
79 71 45
26 22 47
52 66 98
11 91 70
26 35 97
39 15 68
80 0 52
72 0 60
46 47 59
4 60 40
14 16 95
0 62 48
32 96 17
39 75 84
57 0 38
21 27 23
94 37 41
41 27 37
57 22 1
52 33 99
85 4 56
31 68 82
44 2 66
27 84 38
13 60 22
44 95 59
11 46 62
50 16 5
94 30 70
1 55 58
30 18 67
86 24 77
97 57 99
12 16 91
56 77 51
36 62 83
23 75 46
78 70 60
43 4 86
44 29 36
28 86 4
17 32 85
2 75 38
11 31 2
86 20 30
0 18 47
95 54 55
81 13 30
22 60 81
4 34 0
61 58 86
88 23 22
32 13 14
89 39 86
82 8 37
56 91 49
54 78 21
69 74 99
56 20 41
9 6 44
78 15 87
26 14 71
10 49 95
14 49 30
95 5 86
29 62 36
58 81 91
10 49 95
84 78 74
20 67 47
100 27 65
97 98 40
98 25 71
96 67 42
83 4 12
88 56 72
4 29 61
85 11 90
41 25 30
76 66 43
63 22 22
44 70 41
61 69 35
38 0 76
24 4 55
49 60 87
53 34 20
64 18 98
78 67 25
36 16 77
62 27 68
40 87 53
42 26 47
33 15 65
17 74 78
67 82 43
87 71 98
30 68 50
77 34 25
77 0 49
89 15 55
87 1 22
8 64 7
9 68 67
15 82 15
1 8 68
6 41 46
69 70 96
27 14 30
78 94 21
11 94 20
86 26 33
84 88 21
5 46 18
88 30 39
19 47 17
32 38 21
28 61 62
51 71 0
2 20 75
36 87 47
80 92 90
17 89 39
78 59 68
65 6 75
83 97 58
49 42 76
18 20 72
53 100 69
13 52 40
46 18 25
52 44 94
42 32 0
33 80 62
79 13 98
26 45 25
51 1 6
42 9 85
42 72 82
16 17 53
10 96 38
76 14 52
28 80 61
83 10 8
59 98 73
8 13 49
33 28 48
78 37 57
72 42 49
91 27 72
56 23 43
37 69 95
42 76 57
60 61 22
81 75 31
47 80 7
35 40 59
45 23 34
36 8 1
27 81 39
80 86 74
3 64 63
22 7 18
41 78 100
85 30 39
62 78 21
65 7 82
100 49 95
81 31 29
8 42 11
25 40 64
63 93 68
24 37 46
5 9 100
90 66 84
9 32 9
16 76 15
27 36 86
9 45 10
93 59 40
87 90 32
81 69 69
99 76 93
56 20 1
66 81 64
72 34 20
21 70 57
75 68 36
34 97 19
8 84 74
14 69 32
76 79 42
19 49 41
39 58 79
22 19 91
54 58 27
49 79 6
26 41 39
13 93 60
69 3 99
46 45 5
33 95 65
72 70 52
87 100 34
27 87 47
47 25 36
11 25 84
44 54 74
93 4 84
50 2 95
2 29 93
45 15 58
9 94 31
89 35 63
97 26 33
43 33 24
80 24 91
3 67 34
35 37 21
35 96 98
13 32 83
84 96 54
11 85 99
26 35 75
63 56 40
61 24 63
100 36 73
1 99 90
69 52 70
90 99 52
75 76 40
80 46 44
86 72 11
35 91 10
14 65 50
27 7 4
52 49 43
42 77 71
32 33 96
35 65 81
31 34 10
38 15 91
65 12 18
34 54 28
43 55 93
74 63 56
78 78 25
36 10 79
26 66 28
45 50 100
45 23 87
19 43 87
26 0 6
74 75 4
57 1 94
10 95 18
95 63 38
33 11 67
62 95 69
100 18 18
62 47 15
87 90 15
92 56 97
45 16 52
0 0 40
34 1 74
52 56 79
56 93 68
29 87 21
11 49 83
62 23 45
54 43 26
85 17 12
64 57 90
76 49 57
91 83 57
82 58 73
70 85 7
85 79 69
69 28 35
39 0 79
0 35 17
27 86 30
7 0 88
41 29 27
17 75 66
60 30 8
99 94 39
6 8 42
38 60 16
47 55 84
66 47 10
79 35 94
66 11 16
39 17 97
48 68 1
2 2 77
61 47 26
99 97 17
62 26 35
51 32 65
68 53 43
34 34 28
99 94 32
28 45 16
1 13 56
27 64 48
63 36 59
2 44 87
17 0 26
8 80 87
42 64 35
79 85 30
31 9 43
1 75 74
82 64 8
27 56 71
2 63 15
91 23 53
72 26 44
99 79 59
68 90 82
16 17 37
64 19 25
84 72 43
33 57 60
68 35 75
64 2 26
52 38 8
20 93 98
61 67 100
80 5 25
23 32 58
61 26 24
84 36 30
46 70 66
4 87 35
52 19 69
38 18 36
31 25 69
15 12 99
9 11 32
63 36 37
81 9 21
38 41 94
82 5 68
82 11 69
86 39 62
72 36 68
37 76 0
51 51 47
4 58 41
40 52 35
19 35 25
29 48 51
61 83 75
58 56 96
65 17 96
34 44 72
69 90 91
80 61 89
84 83 9
91 26 23
46 17 90
54 47 77
29 4 48
53 74 20
13 23 31
17 61 93
87 42 40
39 98 64
50 1 70
58 90 17
28 71 27
89 92 31
93 45 63
94 98 25
41 62 56
69 83 11
95 28 40
91 80 97
51 33 48
52 62 49
41 42 8
90 30 28
12 23 67
0 53 49
72 33 16
27 85 72
96 23 65
72 53 38
45 3 12
62 61 14
71 80 98
65 61 85
1 29 73
52 96 33
7 19 47
4 80 44
72 80 81
71 32 24
22 11 42
41 56 4
6 93 71
69 57 91
49 16 83
97 64 30
52 38 30
70 48 30
69 94 48
30 72 100
58 22 84
100 24 71
23 53 11
90 32 53
94 19 25
76 61 22
41 16 88
29 92 25
83 34 31
45 26 54
83 5 36
47 31 76
29 19 84
1 61 33
25 35 33
0 37 95
92 34 43
100 20 54
5 3 93
15 48 43
29 66 33
87 34 49
100 33 52
72 88 18
2 65 39
78 56 68
69 42 6
52 59 48
29 41 77
46 48 17
95 77 12
61 28 46
13 26 56
45 65 6
99 36 67
12 14 77
54 2 98
32 44 59
41 79 14
68 32 21
0 99 93
98 63 16
79 78 1
15 68 53
40 27 50
80 79 67
62 80 1
12 32 11
47 17 27
67 25 45
86 13 26
58 17 81
20 66 25
98 5 99
76 75 46
69 50 27
88 10 22
54 11 88
49 80 31
73 31 78
48 24 57
7 89 76
6 79 96
9 72 79
60 94 82
35 54 12
9 67 17
57 79 87
9 35 45
3 99 60
76 67 63
67 85 36
2 63 79
98 34 8
38 78 77
97 36 88
35 31 75
17 23 60
96 17 36
100 19 20
64 44 34
8 24 74
42 89 66
94 76 47
59 69 48
16 62 88
22 38 49
10 88 64
15 68 3
43 91 40
71 4 12
52 93 49
28 59 39
5 41 50
60 59 18
54 14 13
29 57 9
89 71 100
15 14 59
8 41 19
47 18 45
27 96 61
22 86 66
47 65 97
74 100 91
6 94 1
83 1 61
29 1 7
39 70 32
11 40 71
58 75 16
14 82 52
92 59 7
11 49 27
65 26 60
29 9 34
86 75 76
4 24 85
65 30 90
73 65 23
28 30 58
75 31 4
65 45 79
0 3 14
0 31 5
43 22 68
14 79 75
53 25 52
81 76 77
86 52 58
78 57 86
0 18 44
47 54 89
77 39 37
28 41 4
11 46 62
85 50 65
40 21 96
39 25 19
27 61 5
44 21 23
99 64 98
4 81 36
52 99 95
76 46 84
34 85 67
77 91 20
67 82 4
51 45 74
94 39 32
3 47 54
28 29 99
27 11 97
23 44 62
85 71 48
8 83 21
89 85 53
90 32 26
12 79 90
19 67 72
53 99 16
51 92 82
25 16 44
12 92 70
13 5 95
51 25 5
29 22 58
33 81 5
10 17 100
45 99 100
13 83 57
24 86 82
82 53 97
95 12 80
49 57 25
62 59 41
16 66 32
93 3 77
81 86 11
9 75 100
14 42 44
4 99 49
92 77 7
93 41 100
31 79 79
11 38 32
1 49 52
68 95 84
73 10 59
51 72 36
39 17 22
96 25 91
99 57 97
37 67 26
61 98 34
16 71 28
20 34 80
41 89 22
57 16 58
97 17 17
44 59 2
42 78 98
3 46 45
15 48 19
7 34 24
52 61 53
19 84 84
17 79 52
5 18 75
50 19 100
98 59 98
97 86 54
77 86 78
41 75 72
70 12 56
65 10 40
35 48 44
99 5 94
41 87 5
76 52 21
72 71 36
26 12 32
6 86 33
35 57 1
62 62 75
42 44 67
41 73 52
16 85 56
78 76 79
5 97 58
44 63 91
56 45 89
51 81 0
83 22 92
0 45 38
30 12 50
0 4 37
46 99 10
1 64 91
65 67 93
52 26 8
40 17 70
1 10 80
26 73 25
32 70 5
74 89 60
63 36 12
68 45 90
5 62 21
67 86 44
0 91 100
96 25 65
85 83 77
81 40 76
43 67 0
72 41 85
1 61 4
65 26 85
84 29 16
94 6 47
9 10 93
96 22 5
24 46 91
93 18 25
31 15 84
73 56 6
28 33 13
47 45 28
66 65 36
48 73 12
49 17 39
75 30 73
54 61 83
42 53 58
85 25 96
76 27 67
14 74 2
34 97 88
26 22 77
95 4 76
43 39 34
81 42 2
46 7 100
75 90 95
79 14 91
19 51 41
32 48 79
56 97 5
24 24 72
34 20 62
42 34 60
35 13 85
88 90 84
55 62 76
14 29 97
55 89 79
56 85 50
23 29 38
5 35 75
2 71 48
91 1 36
5 10 2
89 100 84
72 40 86
68 51 66
63 83 4
18 86 96
70 55 52
10 51 71
68 47 97
83 93 37
96 18 87
9 95 99
53 97 19
93 51 90
71 8 57
57 45 98
93 49 73
71 52 50
62 65 60
26 18 42
10 91 63
49 25 7
60 31 48
86 53 95
41 47 100
90 50 49
19 3 14
75 81 20
46 91 49
43 99 50
57 6 67
86 88 10
49 90 81
4 55 10
67 56 60
99 40 92
98 46 64
97 28 57
51 66 94
91 43 14
9 81 68
0 74 30
58 81 68
24 22 50
64 85 51
31 36 54
59 6 94
39 12 79
65 27 84
86 61 19
75 1 19
18 86 89
82 83 67
86 40 54
63 98 83
70 14 100
0 71 82
36 9 78
15 21 59
66 44 17
24 63 19
72 75 3
73 26 51
42 85 100
45 52 74
35 90 67
37 96 48
8 73 13
1 27 58
31 73 90
25 62 84
61 76 17
20 4 26
88 25 95
26 69 22
97 97 33
87 69 86
4 74 84
3 10 25
21 71 26
92 59 10
45 46 75
9 11 52
59 8 61
82 87 73
69 69 18
31 86 27
74 86 72
76 49 50
58 83 87
15 37 94
25 39 47
87 35 18
88 65 13
74 66 90
65 11 4
26 58 33
49 32 2
31 82 38
52 55 34
0 37 48
58 96 34
17 43 50
98 19 11
54 43 36
53 12 71
72 42 14
97 15 25
62 56 63
91 29 40
61 49 9
83 63 60
11 9 19
1 61 40
91 98 1
10 35 58
58 22 44
52 100 43
13 86 43
71 53 70
76 34 90
69 68 11
32 73 4
97 9 4
32 1 7
5 11 94
5 93 96
95 61 97
91 91 21
28 39 69
65 69 1
86 59 80
66 44 84
45 56 95
27 31 3
56 93 54
30 0 73
6 77 60
33 39 6
83 25 39
78 81 24
58 95 93
36 100 27
28 2 0
96 93 74
52 73 28
27 72 85
24 63 1
75 64 89
91 91 10
78 20 43
44 33 93
45 24 12
0 21 5
89 73 47
12 94 33
7 23 40
93 100 28
18 35 17
55 68 14
87 69 74
98 77 22
68 99 55
81 40 37
84 30 19
12 24 58
76 19 88
6 38 61
78 61 38
98 34 54
76 13 79
31 55 83
52 32 1
67 76 52
22 40 52
43 62 39
42 45 33
34 86 80
96 100 76
80 72 75
28 100 51
53 27 25
23 40 7
16 30 71
67 56 67
38 92 54
36 52 25
77 53 46
73 77 28
93 68 38
21 81 56
37 28 88
15 60 5
21 73 7
52 19 73
100 87 60
41 5 58
15 54 50
60 92 73
65 47 15
32 10 48
20 66 3
35 95 12
64 100 53
88 29 62
3 59 22
78 98 26
23 14 24
98 96 58
71 48 13
29 73 7
79 62 27
99 47 21
82 75 50
14 74 50
33 33 31
4 58 91
54 19 16
22 75 41
29 86 14
91 52 63
54 83 54
46 49 19
56 52 99
0 24 45
11 13 30
100 33 90
96 83 19
87 65 79
43 100 51
79 92 21
7 23 5
25 18 99
96 71 4
0 55 47
48 3 71
63 35 90
56 44 34
77 56 54
4 50 31
19 78 45
71 3 21
44 76 58
38 29 13
68 66 95
27 43 8
64 11 67
10 49 1
55 35 13
62 91 85
65 47 27
23 70 33
38 66 96
95 34 5
86 90 11
8 50 2
2 99 79
60 7 98
3 39 41
6 79 97
80 3 79
33 52 78
13 94 18
46 76 100
81 86 44
2 37 58
48 77 94
55 35 75
41 37 92
49 0 41
15 4 37
59 60 93
14 5 94
87 54 72
70 50 33
33 93 67
7 43 58
89 38 12
56 98 93
0 42 67
41 45 38
3 97 66
36 39 4
61 20 2
37 67 13
91 26 73
22 18 15
74 95 51
17 14 42
4 25 21
41 31 34
77 62 79
85 0 34
49 60 30
72 6 45
16 68 67
77 66 62
31 90 66
74 80 95
17 55 57
16 97 77
87 24 80
21 77 84
56 94 42
25 69 38
11 78 61
16 87 27
74 6 71
72 80 30
16 77 80
86 16 51
23 35 83
81 33 21
21 7 58
48 65 65
33 31 1
40 56 93
99 90 90
30 88 50
99 69 87
24 39 60
53 12 59
88 87 21
95 12 86
22 66 23
12 55 31
16 10 59
81 82 94
97 44 2
32 10 79
92 50 79
53 93 84
83 15 15
34 22 9
71 55 68
64 59 53
7 10 74
23 4 64
7 31 51
87 65 41
6 34 95
37 33 96
62 19 80
24 53 76
69 28 47
85 7 64
69 88 2
46 79 45
85 66 28
10 8 87
88 33 61
9 4 89
22 86 49
84 93 26
1 33 70
81 77 32
75 19 73
11 36 17
94 18 88
82 98 33
6 1 96
96 20 62
25 60 6
45 70 88
83 26 57
23 86 3
32 36 16
27 65 88
66 17 76
88 66 27
81 11 29
44 38 76
71 80 23
71 78 14
89 50 8
45 91 71
81 48 80
77 7 41
37 82 12
53 75 97
26 69 35
10 23 3
65 89 39
3 47 25
63 6 87
89 49 75
80 42 4
45 97 12
22 42 45
86 60 17
16 48 64
73 0 54
49 96 29
84 29 57
39 1 66
30 89 50
39 73 40
34 3 41
76 50 76
5 51 45
82 47 30
23 83 87
54 94 89
20 80 78
39 13 22
15 22 30
15 56 60
34 79 22
74 3 41
25 73 56
72 17 63
68 68 100
33 82 90
76 100 33
22 93 90
71 57 48
63 29 17
17 30 26
51 17 98
71 49 66
76 26 61
20 21 87
59 31 44
59 45 82
50 77 2
15 62 36
95 50 47
28 88 88
54 69 21
39 61 43
7 0 76
94 86 16
22 14 40
10 27 25
15 55 13
82 79 70
74 36 15
33 31 0
81 30 24
14 28 42
41 41 23
54 21 3
5 18 67
37 30 43
22 49 2
73 59 96
66 44 22
56 83 66
35 47 22
77 86 95
50 77 48
89 79 28
78 48 20
81 73 92
27 79 7
58 34 12
14 0 67
51 69 3
96 95 98
26 29 98
12 76 79
90 43 39
95 23 37
57 11 72
87 17 1
53 4 87
10 66 36
22 4 40
24 18 48
50 100 13
18 81 84
54 54 97
11 56 99
75 2 53
41 48 96
79 26 55
21 70 46
94 20 3
9 88 57
42 2 1
69 3 87
13 44 95
12 20 44
18 80 54
42 15 85
68 47 48
49 86 73
55 82 100
83 32 5
9 1 67
57 70 13
60 24 92
89 79 52
87 18 56
81 15 95
53 27 100
58 87 52
56 78 73
78 54 70
56 5 84
12 45 84
98 88 46
20 7 47
22 62 83
97 9 53
26 71 21
5 50 92
90 90 99
63 60 12
91 42 37
42 70 66
95 84 92
81 73 75
62 83 46
43 72 45
95 12 6
85 76 47
75 35 29
11 10 4
85 63 67
92 11 50
35 17 96
48 28 14
13 97 39
72 34 70
64 66 29
71 18 41
40 94 28
96 89 72
54 93 18
0 40 19
70 26 13
47 100 5
31 85 77
99 11 56
40 39 8
28 81 42
49 73 58
39 79 42
95 2 26
94 62 11
84 84 90
71 28 41
46 75 87
33 42 9
85 37 27
30 92 55
44 89 82
35 34 9
43 8 88
23 41 81
83 10 52
85 31 93
90 6 1
37 85 11
25 18 23
21 100 54
51 92 35
49 92 85
25 12 30
99 54 95
36 65 76
1 56 91
42 31 11
25 8 14
65 33 92
42 42 48
96 62 83
34 72 92
64 44 40
53 84 96
7 71 87
18 3 89
51 98 5
82 75 14
9 46 51
14 88 50
55 23 49
74 98 51
51 87 12
84 9 2
38 52 15
82 57 28
33 2 6
58 46 93
45 51 1
47 54 45
86 86 54
31 59 28
53 28 2
14 27 66
29 60 19
1 20 82
50 78 86
71 28 17
9 68 5
27 84 47
82 73 75
16 63 70
44 80 44
78 20 7
97 25 24
95 28 55
33 37 3
0 12 92
98 81 97
6 50 97
24 67 64
95 92 13
51 58 39
41 43 11
48 78 22
65 78 22
27 77 14
19 39 40
34 88 40
43 2 91
19 95 60
68 14 99
29 87 86
66 99 8
27 63 84
89 76 20
9 70 37
62 44 75
26 16 6
56 97 78
54 75 73
56 20 86
69 73 3
76 86 33
80 30 42
90 12 98
39 49 94
12 8 41
37 23 9
92 1 3
16 70 86
83 60 79
53 35 72
78 59 99
87 53 29
73 78 60
26 57 74
28 42 40
60 64 26
87 27 5
64 76 30
82 70 85
26 56 56
76 71 0
63 80 56
4 72 1
19 9 42
11 93 9
34 21 83
76 92 16
84 27 85
87 81 67
63 74 13
51 74 4
94 26 25
39 11 44
23 79 72
49 71 62
45 94 54
25 38 75
100 90 0
29 55 12
53 12 48
80 65 0
85 23 82
48 43 62
11 22 84
89 93 4
22 68 18
95 50 32
21 62 16
54 97 90
24 18 28
24 10 42
24 75 45
44 10 22
13 12 92
15 49 19
58 52 93
98 78 27
68 8 12
76 34 31
81 79 15
6 24 68
24 50 19
0 54 82
69 38 23
57 56 74
2 92 24
5 51 48
78 29 82
89 77 82
33 20 92
96 83 38
73 26 13
31 4 15
44 92 14
28 33 84
67 12 38
23 28 85
64 68 88
17 90 80
99 90 61
53 93 41
100 41 83
85 89 70
87 10 56
87 44 10
37 72 12
94 13 6
61 55 95
27 93 52
41 39 66
72 93 14
20 57 65
96 10 48
31 99 31
94 42 88
91 83 95
86 27 16
58 84 22
98 60 97
31 75 1
72 41 55
12 89 6
75 42 9
3 12 4
47 48 66
70 85 1
20 10 72
43 21 77
65 51 14
8 60 76
20 34 40
5 80 88
51 97 0
100 70 60
73 39 73
54 38 22
28 50 83
25 68 87
82 19 56
38 40 66
9 43 38
55 13 84
100 51 85
90 24 89
80 76 64
21 34 25
91 46 83
43 77 15
57 91 33
68 94 85
3 40 46
41 95 40
1 30 94
56 54 33
66 71 53
82 26 57
39 54 78
37 80 49
62 36 1
98 92 73
45 40 62
33 74 97
44 100 76
44 1 37
74 4 75
58 35 5
21 10 96
84 56 7
64 2 14
27 46 49
23 76 79
38 56 86
5 40 36
2 11 64
46 58 63
61 5 78
21 9 87
81 99 57
40 5 29
63 31 45
68 16 47
63 52 62
68 54 21
84 1 70
84 23 38
88 96 36
82 8 22
65 94 45
14 26 11
45 81 61
17 61 62
46 72 58
59 68 0
87 30 2
74 46 98
25 38 74
26 58 67
32 79 57
56 8 84
90 35 36
59 42 42
51 92 39
46 53 93
99 61 9
21 96 62
91 48 88
62 27 62
49 0 63
53 11 45
67 81 88
21 56 85
63 31 67
13 19 82
87 60 45
84 29 14
67 88 67
11 23 59
32 42 16
40 65 28
30 22 10
81 74 10
63 40 24
40 100 68
31 87 24
19 17 4
66 64 94
9 2 5
67 74 99
75 47 12
6 4 89
69 53 63
57 13 50
58 23 57
84 53 89
54 44 33
94 0 63
55 13 84
62 11 81
51 35 99
70 74 85
64 5 72
70 40 55
11 78 38
92 42 88
59 19 76
76 76 80
71 70 85
94 15 69
15 59 74
76 92 23
0 64 31
92 91 75
83 19 51
52 21 30
10 20 4
97 66 99
5 68 18
13 68 50
96 11 4
5 98 26
18 63 17
58 71 64
60 91 29
82 100 22