150
5571 30276
4610 25441
831 27156
1392 28951
3693 2343
4905 32432
1008 1540
45 49
5099 26095
7566 17346
657 28607
2220 3162
6050 31978
4817 30264
4207 24802
7802 884
3526 23204
6812 30741
1294 17549
9967 10373
7770 30320
5794 3138
6766 3559
5375 26837
8674 4326
144 208
8423 7830
8213 13396
5428 8800
2277 23193
8568 15687
9173 10258
4961 22908
2573 13703
7156 7212
1554 18628
5918 10653
9907 22859
9871 28537
8421 19782
3620 26986
2107 703
9472 5094
1375 30995
5002 333
213 11940
960 17713
8664 1743
7900 10740
489 19486
2204 25753
1051 8894
9729 15060
6885 32563
6228 20323
9222 30026
3292 2209
5099 29519
2794 17753
617 15745
9764 21464
4920 15811
7196 24390
1162 31636
2714 18230
2476 20545
8954 5499
287 11097
5923 1597
9676 31586
3244 22093
7513 3786
621 19382
8533 289
4433 11413
6230 2181
2605 6186
6009 14173
1835 30254
8477 1610
3217 28775
989 14938
1436 10875
3567 31615
3559 11266
4552 12096
5390 12510
7186 27567
6432 21455
5132 5787
6397 18242
5436 1286
1532 4202
3630 11993
8160 30866
2131 19159
4471 10418
1797 26320
9631 9024
6574 20503
6818 4168
5543 24630
7545 4031
4608 479
6675 1557
6484 550
9426 5897
5156 494
6902 17089
1248 7073
8193 22810
5015 4389
535 14141
1209 5643
589 883
4694 2569
5007 23354
5546 14250
8870 10136
7523 27460
6868 2991
6394 30251
8543 8594
2013 29220
6967 31063
5640 22812
8236 3693
5276 17690
6710 10032
1623 27763
1758 21179
240 11837
2550 30973
5223 17157
7262 12560
6156 26053
5975 20933
306 2320
4731 28804
1233 27792
2325 16979
1354 9906
7779 4916
2438 30368
1752 18356
430 29296
7649 7361
9673 26010
8991 6588
5776 29616