200
233 269
235 17213
460 18885
921 16587
764 5236
38 683
293 16550
139 8160
407 2249
777 4726
183 11572
9 33
470 20584
985 21600
196 7663
721 13623
324 27232
606 21113
483 4323
598 14011
513 26357
198 19494
943 30124
587 7965
479 15393
242 13344
5 9
213 7359
377 27151
890 30965
816 25902
789 11484
344 28575
150 7557
913 14022
905 27163
693 3813
161 8581
291 23450
348 3837
221 691
264 14846
922 26108
292 7524
938 15848
826 22991
231 13490
930 26440
594 27218
674 2599
971 3958
57 699
447 8906
462 4876
244 4983
878 22726
323 27881
647 29655
587 28630
820 18739
437 15484
906 11189
530 29226
388 6081
489 26625
312 21032
567 25340
824 28235
694 27950
125 1644
575 12875
536 31169
89 1386
182 1394
503 29705
281 19110
263 2642
60 486
499 11421
966 1424
383 10805
341 847
968 27999
892 25515
630 27800
319 6580
581 16671
246 822
425 1715
303 26264
371 26782
715 2052
914 32754
199 6601
447 26387
544 3069
573 9845
193 14086
141 4491
506 24475
724 21393
36 266
87 646
666 6765
851 77
270 25361
915 14236
242 2478
669 10725
724 17285
877 6292
64 687
468 1610
116 5115
403 23261
811 26210
558 2208
580 18016
107 189
858 30893
166 63
987 6821
556 16139
705 13221
79 124
20 117
320 11305
368 13264
915 10043
842 896
771 31240
527 4169
987 9805
413 25195
682 13285
618 27456
935 7824
352 284
71 844
524 21111
636 20705
116 5198
495 217
870 28614
711 6864
93 3791
786 18480
767 2456
813 31520
143 6054
50 960
308 21356
179 10255
736 24125
261 13150
180 3669
613 27387
200 16617
983 27053
884 31098
89 2041
400 31924
17 77
717 4759
443 2466
31 248
136 3918
24 190
350 27765
834 19921
957 8273
559 12678
56 315
607 9
395 11691
458 4148
60 1485
949 9773
552 26008
629 32653
228 2138
153 4074
394 23494
264 28082
681 17560
660 16288
684 17877
780 6740
952 31501
159 9846
360 2013
373 1852
743 8377
913 18757
180 4328
655 14532
627 25040
406 25312
803 1908
429 18011
