500
520 28625
416 4864
618 3989
862 21131
182 4791
828 5965
398 30835
941 26584
96 4357
36 433
916 30406
613 31958
760 10716
377 29668
663 18419
664 5880
865 29521
797 2869
748 28621
355 21958
54 520
857 708
55 954
234 13146
785 2709
192 3975
478 11819
563 5347
808 23553
61 648
458 32030
842 11045
68 487
351 14303
934 23712
778 8951
875 10810
508 22018
742 23628
513 9668
203 6492
239 1661
943 11567
966 10762
557 12431
819 11986
940 24139
946 5086
812 14720
509 1477
508 26903
864 9574
300 27791
729 719
778 3580
216 16222
506 13648
854 6949
992 218
7 11
47 892
269 26961
356 25985
612 23403
399 319
195 13744
491 7225
77 235
754 9240
293 20211
339 24122
675 5231
964 21755
533 12958
329 10804
928 13510
757 29442
334 1420
311 201
374 8211
564 15224
476 23656
101 3692
778 23326
611 15965
618 21557
792 29965
130 3007
955 8933
919 31431
679 7750
717 20715
784 15352
428 1864
769 4650
336 5152
990 27827
242 25269
579 22174
73 282
848 23782
113 94
369 28286
49 346
132 6210
813 1642
635 17943
423 14153
827 23927
449 18000
390 28588
170 3486
304 19833
863 1375
31 184
957 24877
889 21820
994 5430
653 23188
138 124
421 30610
327 15437
145 1111
994 27945
33 230
777 28267
357 25431
114 1330
903 19025
699 21805
746 21521
170 719
768 12518
975 10373
927 15703
835 3332
531 22375
227 22329
679 6423
454 3027
152 7213
780 32608
214 11060
309 12139
966 964
756 14056
217 3587
844 25043
624 11628
910 9235
664 3791
485 30628
942 6041
761 26101
410 23126
385 16527
381 13428
308 19704
362 31050
295 26583
780 20057
28 106
619 7377
685 9426
544 15447
977 17832
197 15109
492 15213
247 26290
335 19275
28 230
943 19621
360 7012
693 32507
232 2805
15 28
406 12952
155 2567
329 13186
299 18256
386 813
503 7947
216 8704
334 30885
643 10042
996 15873
418 10618
519 1372
504 4228
923 4401
277 13378
478 1881
349 27913
433 9079
742 31006
855 26771
786 23417
464 5637
106 523
719 25493
941 28599
452 18656
493 1391
66 52
505 1884
803 21345
312 18740
96 4032
889 28213
309 19637
287 2222
596 15332
493 21184
655 25694
443 25702
595 17541
562 2739
552 19120
192 9307
276 13777
828 10101
285 26965
676 13439
679 14411
419 23203
543 27593
578 28984
330 2187
692 10892
858 6110
833 17377
638 30652
531 30389
306 30265
476 3911
574 15390
386 19542
641 19155
72 2132
941 4482
270 2779
53 503
926 13767
764 10704
851 22628
172 4684
903 26177
930 28036
987 26182
367 21058
338 17210
454 3116
529 1415
129 804
56 6
166 10093
883 2918
233 21134
835 19808
178 3835
375 1489
675 2418
478 28559
952 10787
14 76
211 14741
791 12604
642 24389
386 5777
655 29584
379 23753
197 10450
647 7371
801 20432
835 8973
80 2547
946 4186
438 1814
70 1694
87 2926
129 7730
794 23288
48 165
434 687
29 9
279 20062
653 17866
452 6012
221 13202
459 11782
645 5589
50 803
694 2439
175 11656
219 2834
615 27913
135 2291
729 14644
173 2416
192 4115
803 21069
377 7128
684 23371
249 24370
874 30788
225 6650
848 30913
400 23213
353 14048
255 24827
992 10583
723 24544
771 22199
108 5247
95 3566
512 21401
170 2064
476 30660
299 22359
804 19004
324 18280
932 5234
218 4823
181 14399
266 4590
32 140
985 18090
663 29359
60 593
8 2
267 24189
395 32681
191 11211
587 20971
189 8845
739 14049
56 358
904 29239
53 1079
5 1
387 18488
343 32315
149 8192
421 3517
457 29717
492 18637
502 27204
71 1199
543 1286
542 28181
234 12073
240 5995
3 2
279 23569
346 19623
887 12181
115 2064
176 11025
292 4760
51 128
203 4970
940 17980
473 23114
7 8
179 3914
320 25609
176 1752
393 29216
206 7377
343 20167
783 15984
84 782
122 161
170 3292
90 3941
839 25017
974 6797
53 1024
211 19352
904 11683
824 31261
219 8081
116 4979
522 24905
982 17166
870 6947
243 2948
740 13921
855 25040
616 18962
568 7963
646 20279
895 4102
842 24613
773 20276
34 151
817 10506
521 24691
680 27826
683 4909
594 20070
288 26091
295 16107
581 29256
543 23643
623 15309
787 24616
60 1177
862 11870
146 7381
911 27176
729 27459
771 13206
328 14968
189 11575
669 18966
909 21344
3 1
868 22445
889 5861
517 8651
116 484
661 23667
404 19098
718 25628
942 20305
734 5500
563 23350
908 25931
557 5480
319 9546
836 23626
740 6788
241 11746
921 18643
690 28543
722 6055
5 7
964 13315
75 1295
745 21448
872 29268
710 15926
508 27722
61 1152
610 11531
112 5607
113 674
842 8282
48 665
269 31077
737 23391
877 22391
517 31558
999 31456
29 218
836 21483
55 47
170 3395
769 18376
667 28749
42 88
794 27910
991 20406
913 5483
785 23788
917 17513
687 19918
979 11972
200 12748
760 14611
296 14569
162 2346
591 1309
466 1
622 11000
281 25771
888 9609
293 4647
868 16766
94 2271
300 17292
571 30953
766 19986
634 7956
81 2737
100 2549
970 22238
831 25523
406 1651
314 14114
240 26402
560 13905
174 8692
722 1064
208 12210
132 4955
588 26954
620 23020
267 30579
