1000
618 23397
78 2865
173 8609
922 31616
18 48
383 7286
223 2937
368 22438
240 13738
400 28125
731 3315
290 13020
889 14800
75 1894
716 7379
207 17391
796 14662
427 28673
877 13074
666 30625
956 25567
538 13667
346 19325
794 32041
420 24450
644 2281
197 13003
107 3209
933 2219
337 12263
405 26672
584 470
538 745
200 3942
903 25527
209 10051
589 6493
709 4257
83 923
78 1974
560 28481
756 21897
376 11823
303 19314
106 95
254 15682
981 16598
184 3020
902 29077
355 14500
327 3446
802 26406
262 12632
283 28346
812 24699
243 25175
172 11963
588 12614
4 1
395 17705
288 14642
513 16699
74 294
877 18137
852 21139
964 25410
204 9241
559 2715
57 838
917 17462
573 4870
514 27667
998 24976
429 11687
795 17766
257 7133
264 24429
915 2651
122 3145
735 3078
750 1836
544 15048
909 28518
947 11409
790 9696
720 14747
381 21837
472 30707
356 1712
18 18
289 15412
620 20374
218 13143
37 292
719 4686
20 70
194 1189
217 7870
808 2855
799 1808
848 765
570 11123
903 10266
58 1526
125 5846
363 21110
835 4312
80 2637
900 2362
60 176
614 15336
13 62
346 21577
380 8877
78 2378
802 18464
19 64
954 10821
465 24627
736 9787
85 939
752 8692
273 7452
752 4665
800 18780
445 8687
865 9394
531 24216
441 4959
544 3613
711 18208
7 18
319 23124
641 31386
368 9824
335 12981
253 22867
252 24631
588 3782
120 4487
304 28679
431 8440
23 211
79 595
777 29486
660 23700
359 17128
152 8301
670 19741
4 5
734 30571
371 5490
548 28218
33 453
423 26527
349 7506
532 3457
530 31183
449 21242
854 25044
392 14591
623 15772
484 17988
172 2826
729 13914
858 9706
173 9242
890 25978
454 13127
210 13096
898 32111
140 3224
11 8
31 32
327 14855
250 4452
52 1312
437 5308
370 4346
693 17071
220 17491
800 3573
605 20791
463 11733
857 19394
842 3816
293 31230
546 16671
991 20996
662 1799
823 9060
347 27212
593 28615
47 833
949 14035
204 4878
265 14671
865 24995
110 625
187 10653
545 28403
432 26507
695 23315
652 4318
471 32157
603 25721
590 12763
756 26004
89 722
507 14181
309 8087
215 2130
225 2344
366 27003
910 25558
681 6053
40 137
89 1027
517 29304
68 1276
840 10535
633 28122
261 23602
615 28738
842 29174
652 19966
848 1806
929 2584
524 17780
556 8710
56 196
932 4907
594 5782
364 22944
653 26099
257 19507
60 964
149 9100
956 27954
417 27488
63 265
922 28880
125 999
415 22739
160 4988
801 15306
70 1842
946 15139
369 28056
256 23072
982 12109
49 298
989 25897
981 4741
948 931
683 11253
21 97
36 629
172 11202
593 4200
523 32007
408 6993
633 14460
591 24215
254 29808
535 9637
868 7246
464 8414
61 1215
579 30432
991 4685
794 31498
560 28043
483 11580
14 3
912 26333
747 4943
958 22819
912 19597
760 16526
707 18022
84 1222
159 7596
879 9031
934 6218
662 6474
825 24567
325 5542
923 394
202 12774
490 16261
184 1596
695 16970
646 16838
887 4739
707 6161
590 4801
890 10204
185 15459
205 16158
345 9146
728 8266
8 23
872 11473
90 401
570 6376
925 7474
574 3213
464 22594
273 21956
526 20262
377 4135
497 7371
890 26013
762 12041
700 19562
421 5322
882 26216
578 30575
730 26003
933 17263
411 6603
628 17473
446 3030
388 14205
748 18853
610 6974
741 18392
90 3291
127 7873
694 17525
658 5939
698 22466
508 31276
565 29388
881 22773
238 8164
486 8215
725 15484
19 28
866 22084
96 1519
76 2690
964 21036
597 23303
582 29206
265 28272
396 24449
111 3462
598 7711
978 4170
672 5118
182 14779
670 19282
327 25001
372 373
868 16094
443 10028
508 26859
405 13868
984 31178
22 162
910 29377
922 22877
326 26761
751 18632
147 4293
805 6071
179 7169
612 28422
693 25489
112 5891
430 3989
862 32227
811 16401
944 28383
452 11099
146 4960
551 27442
773 11470
747 29417
182 9391
547 12488
11 52
212 1873
571 4794
407 17916
370 1881
320 31407
538 3741
541 20940
992 27470
97 1233
603 20007
93 689
177 14597
846 18512
373 4189
313 1368
43 471
832 14427
914 29175
696 24754
472 19962
876 18037
426 4577
568 23268
651 3711
586 30725
817 1467
91 915
388 17553
827 14599
422 7769
389 7977
682 11596
823 27785
788 31812
444 24442
767 32195
175 4534
95 2961
750 27680
217 12156
158 7599
653 17315
917 31500
185 7410
465 10582
202 5419
377 14595
573 28178
372 5249
112 3153
681 16925
799 21694
683 32037
54 590
429 27209
173 6477
777 27463
586 17767
601 21960
709 30472
264 4484
859 28508
691 25005
548 18606
730 23947
81 2110
759 23652
139 1266
779 22686
256 3130
595 3623
536 2808
153 10921
865 31888
482 4490
460 16092
965 32219
154 11630
901 31729
798 30251
554 2287
169 1244
847 22036
47 443
240 1500
430 7927
560 25730
12 25
719 28513
521 3749
885 16411
960 21621
549 3745
450 15352
726 16021
712 9102
729 27636
123 2411
429 11000
976 32038
404 32573
249 19175
118 6196
663 17921
816 20594
188 4228
460 18244
764 3035
222 6220
392 10100
35 320
533 29153
715 28643
302 11601
142 956
745 27958
518 13042
825 144
214 9928
252 20847
852 11921
943 23987
332 24779
448 11543
596 669
399 26734
680 15392
33 156
369 4612
339 16423
773 31096
691 1695
229 25418
717 25724
942 592
892 26840
136 2382
146 5899
115 221
447 29744
351 2659
332 32110
670 2199
342 14709
281 25503
145 4606
762 3748
515 16234
580 30351
924 20275
222 12910
399 3908
872 4889
424 28371
739 22037
724 4398
733 32696
496 6396
493 8334
284 14534
777 2556
71 1506
200 13859
775 414
852 26375
389 19771
280 16625
104 4580
176 10218
21 88
788 18792
602 10266
225 1142
139 8609
123 1762
41 474
753 15971
912 22909
326 4029
390 11075
397 17148
163 7966
834 12961
537 22854
388 18232
616 15941
828 32315
762 20731
207 1258
448 12772
18 146
488 9118
337 19995
410 14501
865 3898
803 3682
128 3316
905 14692
752 24645
422 18157
256 21460
340 30640
909 21076
245 6105
628 32744
558 6222
787 23882
29 276
889 6765
242 973
362 31841
653 28929
195 4245
58 1025
54 324
173 7576
924 13614
92 2119
69 89
450 31932
10 16
876 22374
858 30485
587 12018
11 35
364 28726
177 13859
103 3371
982 5775
330 7477
239 1908
726 21163
776 10894
51 252
989 29562
305 29613
600 1961
589 9652
144 6616
287 2528
861 20991
512 15279
321 25296
672 4325
945 16195
212 21457
961 13504
554 29395
261 1852
171 4180
345 8216
759 25779
388 9285
322 28096
537 13741
438 4869
512 25550
359 8104
124 4008
247 7737
104 2070
303 11504
362 23048
313 26422
391 12927
847 2151
122 3655
295 11223
260 28778
978 19987
754 11274
215 6540
426 32600
192 6058
898 4427
565 19246
709 13213
976 8473
560 25388
854 21213
87 2663
921 15616
959 5711
246 6432
505 31838
573 6452
159 4614
979 18452
472 27107
403 21308
279 21377
729 8652
88 492
386 23764
331 8438
890 19663
998 30184
676 12397
150 3026
145 7942
145 6873
892 21931
766 2255
793 8719
753 31928
496 13798
545 5649
533 8220
293 14791
954 16553
265 14380
325 24596
680 16541
336 24630
965 14434
879 27201
603 30933
3 0
910 14534
238 1633
605 9503
86 390
632 27844
960 14373
285 17341
555 24865
770 8599
921 2997
253 16135
234 4967
169 5841
867 12842
373 28136
910 16573
242 9943
423 28178
766 25695
393 675
624 16226
859 20464
254 5120
664 1731
908 10751
470 17081
70 982
481 28414
665 9359
551 26712
14 51
566 103
64 744
818 17963
875 20418
84 334
923 18867
599 16771
960 5334
538 11800
557 29228
950 27688
386 6174
631 19724
853 1893
396 8403
982 10023
198 1880
993 27746
752 28594
471 4238
763 10785
918 7038
745 23272
233 17544
541 1959
578 28389
374 25355
361 17754
679 26007
944 14616
230 25508
479 26594
637 17574
971 11629
912 16306
828 25612
986 16701
977 6285
720 24103
299 13661
978 30712
483 26867
606 30313
52 744
231 14886
136 1907
240 11474
928 2660
168 4683
918 32689
679 32560
789 7044
411 6305
792 30886
475 326
454 3487
270 6035
437 32031
541 26954
749 17820
500 65
273 5181
638 27749
662 16119
7 19
574 10742
294 27446
430 7230
804 32725
201 18322
318 28239
730 1940
770 13057
423 7215
265 29366
316 25394
312 8560
855 21821
331 1638
745 18913
318 16713
163 4976
687 13515
893 24449
548 31330
860 25881
84 3281
60 742
119 5103
572 2795
58 921
511 26485
598 15164
534 5180
582 21212
476 875
211 9137
225 17825
153 248
60 1015
794 16335
913 1282
466 4669
606 11707
556 4979
169 10921
555 26961
664 10670
237 7980
276 28418
683 7631
887 22493
65 831
620 26776
340 26820
705 30406
975 15268
488 12055
187 7491
938 12924
772 30087
814 3723
259 2192
339 5414
544 21193
33 183
949 10055
81 2103
41 132
194 18096
927 31031
846 8535
133 3434
360 16158
824 10800
25 176
231 3470
762 20734
190 8825
332 10530
284 3993
740 4867
558 9037
58 1469
570 16623
273 19120
620 13145
66 235
745 2216
456 25824
486 23360
233 21185
668 11280
748 15934
398 12823
842 30957
825 17190
819 15309
711 14824
722 23922
867 32033
504 13154
978 3123
175 8894
908 13542
858 9253
802 22120
502 16085
436 21907
662 16147
294 9839
969 11214
982 3832
675 16255
970 1825
45 967
584 23064
17 108
926 27852
226 18468
489 19885
963 21684
765 29106
1000 5269
490 17057
43 553
146 4057
714 32012
180 2471
199 4842
590 6911
728 22404
649 27230
592 20983
80 204
172 12557
465 17027
653 8791
892 30502
304 11849
67 192
245 17051
913 15730
812 15344
446 31111
427 12982
850 31114
49 389
935 29819
829 10603
77 2834
29 355
590 14067
958 3284
727 9419
50 664
340 19836
112 2639
254 556
399 19394
924 24406
55 1226
391 6858
12 57
758 29429
480 10416
85 1919
385 18051
227 642
66 872
671 11433
778 31404
764 24664
801 12759
178 12857
179 9162
36 438
588 27368
710 27336
858 19910
541 5206
776 12941
631 19785
394 24992
846 12474
474 23423
155 1577
935 17900
236 8415
624 13388
226 14651
755 20303
968 17319
23 51
169 4631
67 262
983 15141
438 32203
769 22551
446 7520
866 290
336 25405
630 22321
29 381
259 19353
374 8965
961 1439
