28748 13464
14503 1221
30216 17935
15489 28602
29662 10669
11913 9797
155 4703
8327 27670
9728 15399
8443 25543
21005 992
22131 19636
28031 22558
27197 21261
15255 22447
1598 9769
26397 6091
27170 18717
24741 6470
23478 20878
29201 7690
30353 2243
11095 29381
7930 8958
3204 223
7174 269
4353 15535
7425 12316
21 170
11791 7117
9900 16492
24595 9867
24151 25345
10192 7195
1427 2759
14415 12915
19790 27782
23680 3280
32679 20080
5155 29955
9206 11279
30697 16139
9228 22139
10455 2793
22204 25808
20204 22704
5018 2271
27395 8924
13314 7204
32763 29412
9564 30969
22292 9235
28831 29704
25500 18579
23316 2566
2508 25803
1117 5535
19693 29931
9653 8620
10430 28868
22137 11180
6682 16862
31208 27250
6870 24516
14887 27931
5353 1699
13447 9795
4303 15379
15115 14201
9007 5685
20261 4335
23995 30974
14785 14710
18263 15826
25732 21162
8062 31061
22614 11626
28898 21374
1310 652
14163 9709
14028 9166
7394 21630
23453 14607
4678 5150
32666 23999
18047 5085
8547 12948
16825 15429
17450 14206
10098 30954
25346 478
25567 16451
10586 8947
18572 19896
5316 21140
23620 16892
25596 12837
25136 7581
30501 15300
23618 18906
1365 12739
3285 9140
19284 8795
15245 15688
6049 21406
16773 18779
22454 11182
8361 25911
2701 26925
10848 13494
15459 16372
31087 1180
28604 11784
17178 26409
6055 7369
17291 32495
1859 8813
18808 27618
31362 30637
9473 3758
7213 30142
32215 5709
11561 12419
21667 3032
12536 257
13222 20637
17282 5139
21148 17011
31766 20831
12775 31306
428 11912
28905 22790
13421 17062
25522 22158
4213 11763
11227 18207
11735 10694
22705 2791
481 21702
21143 23503
17826 3927
5541 11672
9642 31833
32661 21545
7953 31250
13536 25639
11707 10088
24868 455
12249 18772
22217 4576
8883 9363
20964 325
7334 8095
25179 5713
10344 16605
16715 195
26004 23832
5542 7116
4706 2606
27681 5735
25269 10761
26189 30185
18524 8657
25859 9945
4241 4448
12806 4097
31430 7927
27876 23493
11426 11055
16157 27572
10054 306
7047 10845
8660 22314
3313 12132
27954 13050
22535 27093
17675 1837
29814 17591
12823 7211
8528 31205
24989 6579
6321 1817
5686 17541
9891 31050
5587 17503
10047 568
14593 1579
12309 3141
32620 3703
26830 16518
19874 20517
22288 13082
14362 23396
8610 10682
32629 30943
3793 12434
8707 1332
16914 29007
9865 8359
31976 122
1090 1816
26376 5380
19491 9266
8636 24098
30563 14310
10885 27483
32571 7959
20740 23262
8683 5271
17434 16922
30973 32339
31311 1161
17613 6858
31088 3276
4425 8900
16764 7165
6134 13120
24258 9025
820 5038
26435 23452
30402 11358
26461 4106
388 16697
427 19915
23684 17583
17959 28414
6968 22256
1169 13169
12547 17759
7701 23480
28669 7747
6696 31356
25847 11456
691 28694
13498 28935
19315 17500
24208 26825
18591 21179
2054 15345
30924 31879
13807 8594
9743 21902
5804 4382
8801 32499
16811 5082
9031 9274
4142 19086
178 4374
29518 31617
23331 684
27455 15524
27924 23562
981 3598
2964 7064
31303 30888
6705 23482
28724 1322
30234 24308
20451 8006
7301 11447
17871 14626
4175 28794
29539 17164
17122 20237
16130 19306
1116 9770
25930 23279
16110 27214
12186 24853
385 5830
29649 17607
7584 25613
16729 27997
23698 14421
24421 22478
4038 1636
118 3105
117 3745
20260 1829
642 13935
14363 27746
11941 27065
5476 5199
1992 15054
7910 19142
4017 13424
17452 20916
3810 4647
21352 31765
5053 21212
4536 29984
27884 22946
10409 1982
8960 4311
3322 31297
13656 17260
17058 21075
7749 8321
8723 5420
25195 7477
705 22537
12139 10428
28382 13529
19903 26290
17512 30521
27109 25518
26470 5538
30911 30747
26991 19169
15162 19779
19051 25544
9518 14509
13982 5412
11141 25001
26082 28143
15776 25897
51 765
28150 27602
11121 26525
3582 26195
9826 18609
16720 25590
5367 15294
19463 14196
25040 6258
8297 24078
22785 28450
28618 23769
24599 28861
17069 2138
28502 4862
23597 27218
12357 17637
27803 14811
25965 18279
22377 6580
32605 32357
4166 4314
753 19931
21387 29016
9428 22362
15830 8543
15940 11192
1780 31385
32533 17670
25605 13243
249 23746
21722 2138
8190 29262
24738 4863
15448 5537
1478 3453
18785 19005
24849 27522
19934 5728
20500 877
14724 4735
4809 14687
13243 3312
12406 24725
18337 5607
9172 18165
4434 1955
4721 7910
20583 24297
4947 15205
956 30642
18654 21078
29303 545
20984 14615
17989 17335
22122 20315
6887 30922
12937 3126
9966 27187
1559 24948
25026 2888
10852 26927
19177 13322
21432 4513
13958 19359
25077 15158
17184 30466
9337 31973
23717 8185
5442 705
28847 26695
20309 15051
14341 23843
17504 17419
14693 32490
30110 21471
27009 28945
13307 1426
3143 26205
11129 18480
15205 7510
15826 24217
13837 249
28767 9685
24053 16813
28984 5543
1443 31352
30621 12133
29671 13939
916 20230
16553 27259
16596 4733
28388 14122
4322 19270
26611 1797
122 4457
15372 23799
11312 13751
19466 26367
22615 27084
16495 10533
16418 754
29097 21682
24585 6864
9620 8096
16238 24401
17985 12368
32129 31735
30198 29051
9569 11634
9333 25195
3460 13169
2433 14187
18008 5304
10399 24188
23594 26994
16922 15433
28744 8137
21833 13661
28002 28341
6164 22420
23350 27409
1973 14287
5485 29428
30396 22508
27071 25406
15446 10486
24926 19313
26830 32152
14738 5059
9044 216
20384 18801
5374 1282
1009 1365
1292 16097
22640 8379
2672 16693
20020 11377
30350 19554
18015 24093
23872 18022
27206 26579
24093 28429
24274 28135
4859 9320
18214 3840
18354 19323
23169 12910
24355 12598
4454 4286
2425 30631
11771 10891
12207 25453
9136 8599
14419 7536
8736 10266
2441 15567
18236 31321
27730 11546
15526 5755
13582 17602
17499 9880
21824 8141
30869 20756
14994 4814
17136 25387
7961 18965
20171 2508
11993 26915
31473 3243
9868 15969
3705 16274
20383 24337
13546 7671
32126 16260
1443 17620
28689 7053
6778 16051
16262 17207
31140 22024
13650 8115
22229 25028
13938 1172
28583 16423
8951 8511
1856 29654
20161 9884
17711 5933
30603 29970
31640 6614
23592 26291
6289 31899
22795 2483
18123 32632
11789 24351
373 30197
20843 29131
8029 13747
29710 22925
6489 21316
6928 32424
4069 8511
29307 12683
21517 9620
15700 27324
30606 31006
1752 18191
10296 17783
30981 5147
23190 21776
31836 238
2001 27009
1254 18176
722 19485
12405 24422
10407 19658
6700 6216
28712 8976
1857 7829
7386 25967
20738 20469
6419 2806
12310 26880
15199 11025
19718 25517
31523 28579
14844 6669
22656 27988
14794 313
31610 22061
30765 4233
20058 14946
5971 10502
5968 19310
13980 4386
21853 21861
22174 22695
25712 25222
15979 14574
11472 15632
17942 17745
25017 17240
10867 32738
4938 16919
19999 9822
6047 18696
3008 19292
3898 11699
32142 4042
2215 12419
24083 4250
1887 30751
26158 23737
29166 22263
19550 1857
11089 3869
18749 10735
23458 2135
17739 27607
11255 11378
5101 24662
31111 24025
24502 21065
17422 15462
11236 20348
23411 11383
3886 2150
4264 21573
3005 22547
28115 881
10360 2145
14763 14560
12164 9839
18980 15049
13835 31571
27214 29964
20797 32011
22394 4550
7317 19382
6560 34
30046 3845
15101 23922
3957 18412
8960 29822
18256 27293
6247 18203
21823 21686
11942 22016
17906 29625
8840 6870
23612 12222
27160 26766
16406 28260
31682 9719
7911 16909
4278 5776
8451 6475
26253 9627
22641 661
17455 26482
3313 22591
17908 17694
2365 26793
13577 1574
19856 28342
28182 11429
19301 28287
6941 22431
3713 19017
17574 8085
30515 9141
32281 8535
27099 23863
12651 11034
6057 20425
19964 16330
17575 2273
24256 25762
12026 9376
19358 27897
31589 6220
18965 14431
19214 256
16677 5864
24197 19106
9325 18376
27138 17174
2705 17952
32494 28081
734 22552
11941 10993
28209 5166
19067 2155
24340 20686
25853 19716
17707 12834
30841 5476
26575 18987
22208 5288
29688 32529
17962 19799
8544 11191
28635 22168
13029 11923
837 418
22063 23229
13038 29555
9876 32581
28275 1733
22328 30922
32206 2622
18553 328
25044 12007
3210 12850
7681 15071
8029 27841
20344 21585
21959 7307
13638 30883
18399 2135
3559 29680
15015 9520
28171 27833
19694 8120
29850 22487
27508 4031
32757 26804
20560 2580
18559 20923
4495 1179
1116 26893
798 16544
30840 1398
28650 12139
6859 10143
28229 1301
10716 17285
21388 28058
23940 15913
2822 6190
5365 29578
21520 3285
9722 22736
11127 46
12673 3786
25638 6543
8534 30874
13057 24407
13105 10927
12816 15744
13555 17908
7904 23156
22061 4935
22566 11810
13026 29485
24230 3920
31630 30148
23891 11059
24166 12025
31928 6973
5602 6906
1430 3382
16505 9967
5839 12686
26027 12773
29314 25586
19525 6666
9848 16925
1505 10784
5055 9457
21420 31532
6548 12230
18540 7790
26503 27138
19393 9110
15065 5865
25258 20277
2857 16311
24908 5490
27215 9196
27119 11518
7049 1000
23882 20042
9685 31159
8192 29431
26013 21550
22890 10638
24985 10295
3991 20849
26354 3177
17553 21265
12451 13020
30946 10338
7717 21819
14167 18828
15691 10010
3588 20964
11115 17034
6280 28954
4542 17131
32659 31923
16649 514
4517 13754
12413 11084
22808 5811
25564 6545
21344 15825
31966 12987
11666 18281
31699 13801
10787 11429
29577 12224
5106 31357
13424 2305
25225 29923
13052 25441
29600 31294
11595 14485
32227 15130
21512 28588
8438 6686
31375 23713
14005 18494
4690 24113
18880 28978
30075 3562
21815 3110
17619 13957
12738 9395
23778 1141
21461 12302
9816 9408
16178 17023
17835 17934
21423 14613
28162 12287
22329 11161
23378 25794
24857 15040
14278 228
2678 3748
28773 19813
2075 6517
15599 14353
4475 29292
24327 9741
14578 23809
23703 21681
6478 20574
14705 15509
31886 4883
29746 10991
24554 16139
19052 1308
30995 16831
2052 27260
8379 11433
26072 10371
18008 27132
15269 13581
20773 10642
2345 8946
4714 6694
6788 17627
11518 17091
19428 29268
5642 4220
12385 8994
4879 27742
8230 21718
22827 28067
29138 28322
12696 31784
25374 5996
18293 30498
29887 12833
713 13324
15758 29772
5317 27108
30950 19175
6473 23702
21581 368
29098 23737
16471 24384
15539 28537
18632 12057
4073 13012
14329 25854
22035 21002
2429 22087
30458 7758
28675 14324
11374 8130
29310 22338
10377 12962
25732 16508
28984 1215
15860 18452
5366 1840
5596 10738
7387 10308
17562 13068
24534 27067
28993 10551
6967 10037
3646 25916
29808 8426
2363 21295
18460 7836
12867 19708
27200 16074
7719 835
15313 17959
2081 26726
14711 842
30392 20960
26513 6823
10211 17368
16249 20158
2161 6901
521 6290
15016 2165
4958 9309
28717 5241
17371 1666
6948 6819
10865 15555
14999 29923
29726 20404
17948 18574
19636 10351
31922 10673
17628 28298
6893 2212
22874 582
15443 7650
32659 26377
27653 18455
23372 12815
10402 4219
436 20828
24424 18783
28069 16117
8860 31493
2343 29775
7980 4789
28726 12808
5524 2061
20677 28629
23038 27801
3074 2236
8109 6564
31964 30595
5019 28749
1986 14184
2657 24541
22446 7442
17752 9815
27747 15304
4862 32593
24051 10977
20123 13571
31107 16251
804 18334
6994 3696
13663 7903
27128 19078
6472 31203
22252 21222
14004 4413
2121 1488
16692 8006
4050 11148
10044 17076
4915 3492
7300 28526
18826 3664
9135 24991
29221 21554
23339 18185
10381 24131
4440 4765
14788 5134
25580 11848
24268 9756
28310 32527
104 5099
19681 28510
26663 25267
29532 29597
669 29425
9208 15621
5876 23942
433 3762
6052 22419
1904 26873
28798 5943
26160 32507
30191 5562
3680 10874
22915 16907
26761 20972
18344 14189
305 29902
4789 19565
11263 21051
3882 3607
25120 23997
1337 31593
24552 30307
23430 5384
17853 5140
24364 5426
16433 24354
19712 25588
31598 26146
25 169
26071 26108
27024 12658
1516 22590
13700 5795
26478 15286
16737 25982
25540 19263
18274 28387
18846 5851
25429 15352
10200 13058
21663 22557
16289 29242
8575 30499
25052 23784
32663 19384
15302 23398
9640 8742
22234 18005
27293 4926
20466 20789
21963 25486
2478 819
1143 25307
24089 12865
2200 24523
5002 13420
