100
90 2483
59 677
94 3228
40 228
20 78
42 118
73 2199
73 35
96 916
75 2467
77 2001
17 132
90 1598
25 127
62 1348
11 45
39 63
92 2715
29 142
16 93
55 924
85 1098
88 704
13 55
78 2300
55 423
55 467
84 371
25 151
20 122
41 632
62 1198
98 1510
99 1098
84 303
62 1334
17 52
39 19
38 393
58 577
48 1111
19 80
17 34
56 220
31 187
74 1240
19 161
67 1777
90 3825
18 61
55 457
47 174
55 151
43 49
41 779
67 2019
47 504
42 346
73 1264
84 3040
30 196
27 286
80 59
100 2211
46 754
52 368
36 218
14 58
43 56
20 7
26 20
35 540
5 7
75 1464
7 10
79 586
12 34
48 815
93 4051
30 123
26 264
68 854
63 1344
44 57
67 610
99 818
50 674
70 2120
34 507
50 1116
35 482
22 149
5 5
55 776
55 698
81 161
70 2232
63 579
68 1105
73 761
